1.9881 1.41 1.41 1.41 0.0 -1.11686839155e-16 -1.0 0.93
1.9881 1.41 1.41 1.41 0.0 -1.11686839155e-16 -1.0 0.93
1.9881 1.41 1.41 1.41 0.0 -1.11686839155e-16 -1.0 0.93
1.9881 1.41 1.41 1.41 0.0 -1.11686839155e-16 -1.0 0.93
1.9881 1.41 1.41 1.41 0.0 -1.11686839155e-16 -1.0 0.93
1.9881 1.41 1.41 1.41 0.0 -1.11686839155e-16 -1.0 0.93
8.0089 2.83 2.83 2.83 0.0 -2.21797854812e-16 -1.0 1.1723
8.0089 2.83 2.83 2.83 0.0 -2.21797854812e-16 -1.0 1.1723
8.0089 2.83 2.83 2.83 0.0 -2.21797854812e-16 -1.0 1.1723
8.0089 2.83 2.83 2.83 0.0 -2.21797854812e-16 -1.0 1.1723
8.0089 2.83 2.83 2.83 0.0 -2.21797854812e-16 -1.0 1.1723
8.0089 2.83 2.83 2.83 0.0 -2.21797854812e-16 -1.0 1.1723
17.9776 4.24 4.24 4.24 0.0 -1.97618907908e-16 -1.0 1.3252
17.9776 4.24 4.24 4.24 0.0 -1.97618907908e-16 -1.0 1.3252
17.9776 4.24 4.24 4.24 0.0 -1.97618907908e-16 -1.0 1.3252
17.9776 4.24 4.24 4.24 0.0 -1.97618907908e-16 -1.0 1.3252
17.9776 4.24 4.24 4.24 0.0 -1.97618907908e-16 -1.0 1.3252
17.9776 4.24 4.24 4.24 0.0 -1.97618907908e-16 -1.0 1.3252
32.0356 5.66 5.66 5.66 0.0 -2.21797854812e-16 -1.0 1.4538
32.0356 5.66 5.66 5.66 0.0 -2.21797854812e-16 -1.0 1.4538
32.0356 5.66 5.66 5.66 0.0 -2.21797854812e-16 -1.0 1.4538
32.0356 5.66 5.66 5.66 0.0 -2.21797854812e-16 -1.0 1.4538
32.0356 5.66 5.66 5.66 0.0 -2.21797854812e-16 -1.0 1.4538
32.0356 5.66 5.66 5.66 0.0 -2.21797854812e-16 -1.0 1.4538
49.9849 7.07 7.07 7.07 0.0 -2.13227215347e-16 -1.0 1.5737
49.9849 7.07 7.07 7.07 0.0 -2.13227215347e-16 -1.0 1.5737
49.9849 7.07 7.07 7.07 0.0 -2.13227215347e-16 -1.0 1.5737
49.9849 7.07 7.07 7.07 0.0 -2.13227215347e-16 -1.0 1.5737
49.9849 7.07 7.07 7.07 0.0 -2.13227215347e-16 -1.0 1.5737
49.9849 7.07 7.07 7.07 0.0 -2.13227215347e-16 -1.0 1.5737
72.0801 8.49 8.49 8.49 0.0 0.0 -1.0 1.6899
72.0801 8.49 8.49 8.49 0.0 0.0 -1.0 1.6899
72.0801 8.49 8.49 8.49 0.0 0.0 -1.0 1.6899
72.0801 8.49 8.49 8.49 0.0 0.0 -1.0 1.6899
72.0801 8.49 8.49 8.49 0.0 0.0 -1.0 1.6899
72.0801 8.49 8.49 8.49 0.0 0.0 -1.0 1.6899
98.01 9.9 9.9 9.9 0.0 -2.17490889428e-16 -1.0 1.805
98.01 9.9 9.9 9.9 0.0 -2.17490889428e-16 -1.0 1.805
98.01 9.9 9.9 9.9 0.0 -2.17490889428e-16 -1.0 1.805
98.01 9.9 9.9 9.9 0.0 -2.17490889428e-16 -1.0 1.805
98.01 9.9 9.9 9.9 0.0 -2.17490889428e-16 -1.0 1.805
98.01 9.9 9.9 9.9 0.0 -2.17490889428e-16 -1.0 1.805
127.9161 11.31 11.31 11.31 0.0 0.0 -1.0 1.921
127.9161 11.31 11.31 11.31 0.0 0.0 -1.0 1.921
127.9161 11.31 11.31 11.31 0.0 0.0 -1.0 1.921
127.9161 11.31 11.31 11.31 0.0 0.0 -1.0 1.921
127.9161 11.31 11.31 11.31 0.0 0.0 -1.0 1.921
127.9161 11.31 11.31 11.31 0.0 0.0 -1.0 1.921
4.00776666667 1.41 2.24 2.24 -4.5102049983e-17 -0.503938186688 -0.863739720054 1.0347
4.00776666667 1.41 2.24 2.24 -4.5102049983e-17 -0.503938186688 -0.863739720054 1.0347
4.00776666667 2.24 2.24 1.41 0.436423271608 0.251969093344 -0.863739720054 1.0347
4.00776666667 2.24 1.41 2.24 -0.436423271608 0.251969093344 -0.863739720054 1.0347
4.00776666667 2.24 1.41 2.24 -0.436423271608 0.251969093344 -0.863739720054 1.0347
4.00776666667 2.24 2.24 1.41 0.436423271608 0.251969093344 -0.863739720054 1.0347
7.31976666667 1.41 3.16 3.16 2.46945702987e-17 -0.728392981561 -0.685159590469 1.1156
7.31976666667 1.41 3.16 3.16 2.46945702987e-17 -0.728392981561 -0.685159590469 1.1156
7.31976666667 3.16 3.16 1.41 0.63080682597 0.364196490781 -0.685159590469 1.1156
7.31976666667 3.16 1.41 3.16 -0.63080682597 0.364196490781 -0.685159590469 1.1156
7.31976666667 3.16 1.41 3.16 -0.63080682597 0.364196490781 -0.685159590469 1.1156
7.31976666667 3.16 3.16 1.41 0.63080682597 0.364196490781 -0.685159590469 1.1156
11.9789666667 1.41 4.12 4.12 1.50896565246e-17 -0.834034098656 -0.551712898416 1.1822
11.9789666667 1.41 4.12 4.12 1.50896565246e-17 -0.834034098656 -0.551712898416 1.1822
11.9789666667 4.12 4.12 1.41 0.722294717059 0.417017049328 -0.551712898416 1.1822
11.9789666667 4.12 1.41 4.12 -0.722294717059 0.417017049328 -0.551712898416 1.1822
11.9789666667 4.12 1.41 4.12 -0.722294717059 0.417017049328 -0.551712898416 1.1822
11.9789666667 4.12 4.12 1.41 0.722294717059 0.417017049328 -0.551712898416 1.1822
18.0027 1.41 5.1 5.1 1.00406323785e-17 -0.889566565015 -0.456805567399 1.2412
18.0027 1.41 5.1 5.1 1.00406323785e-17 -0.889566565015 -0.456805567399 1.2412
18.0027 5.1 5.1 1.41 0.77038724366 0.444783282508 -0.456805567399 1.2412
18.0027 5.1 1.41 5.1 -0.77038724366 0.444783282508 -0.456805567399 1.2412
18.0027 5.1 1.41 5.1 -0.77038724366 0.444783282508 -0.456805567399 1.2412
18.0027 5.1 5.1 1.41 0.77038724366 0.444783282508 -0.456805567399 1.2412
25.3069666667 1.41 6.08 6.08 -7.14263763417e-17 -0.921440604629 -0.388519255817 1.2959
25.3069666667 1.41 6.08 6.08 -7.14263763417e-17 -0.921440604629 -0.388519255817 1.2959
25.3069666667 6.08 6.08 1.41 0.797990971687 0.460720302315 -0.388519255817 1.2959
25.3069666667 6.08 1.41 6.08 -0.797990971687 0.460720302315 -0.388519255817 1.2959
25.3069666667 6.08 1.41 6.08 -0.797990971687 0.460720302315 -0.388519255817 1.2959
25.3069666667 6.08 6.08 1.41 0.797990971687 0.460720302315 -0.388519255817 1.2959
33.9859666667 1.41 7.07 7.07 -5.31862148554e-17 -0.94150232596 -0.337006483931 1.3481
33.9859666667 1.41 7.07 7.07 -5.31862148554e-17 -0.94150232596 -0.337006483931 1.3481
33.9859666667 7.07 7.07 1.41 0.815364932004 0.47075116298 -0.337006483931 1.3481
33.9859666667 7.07 1.41 7.07 -0.815364932004 0.47075116298 -0.337006483931 1.3481
33.9859666667 7.07 1.41 7.07 -0.815364932004 0.47075116298 -0.337006483931 1.3481
33.9859666667 7.07 7.07 1.41 0.815364932004 0.47075116298 -0.337006483931 1.3481
43.9717666667 1.41 8.06 8.06 -4.11078531118e-17 -0.95478689735 -0.297291070583 1.3988
43.9717666667 1.41 8.06 8.06 -4.11078531118e-17 -0.95478689735 -0.297291070583 1.3988
43.9717666667 8.06 8.06 1.41 0.826869708306 0.477393448675 -0.297291070583 1.3988
43.9717666667 8.06 1.41 8.06 -0.826869708306 0.477393448675 -0.297291070583 1.3988
43.9717666667 8.06 1.41 8.06 -0.826869708306 0.477393448675 -0.297291070583 1.3988
43.9717666667 8.06 8.06 1.41 0.826869708306 0.477393448675 -0.297291070583 1.3988
55.3851 1.41 9.06 9.06 -3.26366644675e-17 -0.964104064089 -0.265524676078 1.4483
55.3851 1.41 9.06 9.06 -3.26366644675e-17 -0.964104064089 -0.265524676078 1.4483
55.3851 9.06 9.06 1.41 0.834938611393 0.482052032045 -0.265524676078 1.4483
55.3851 9.06 1.41 9.06 -0.834938611393 0.482052032045 -0.265524676078 1.4483
55.3851 9.06 1.41 9.06 -0.834938611393 0.482052032045 -0.265524676078 1.4483
55.3851 9.06 9.06 1.41 0.834938611393 0.482052032045 -0.265524676078 1.4483
67.9977 1.41 10.05 10.05 -2.65830303849e-17 -0.97076224637 -0.240043039938 1.4972
67.9977 1.41 10.05 10.05 -2.65830303849e-17 -0.97076224637 -0.240043039938 1.4972
67.9977 10.05 10.05 1.41 0.840704766391 0.485381123185 -0.240043039938 1.4972
67.9977 10.05 1.41 10.05 -0.840704766391 0.485381123185 -0.240043039938 1.4972
67.9977 10.05 1.41 10.05 -0.840704766391 0.485381123185 -0.240043039938 1.4972
67.9977 10.05 10.05 1.41 0.840704766391 0.485381123185 -0.240043039938 1.4972
82.0643666667 1.41 11.05 11.05 -2.20264287488e-17 -0.975773894557 -0.218781413062 1.543
82.0643666667 1.41 11.05 11.05 -2.20264287488e-17 -0.975773894557 -0.218781413062 1.543
82.0643666667 11.05 11.05 1.41 0.845044981036 0.487886947278 -0.218781413062 1.543
82.0643666667 11.05 1.41 11.05 -0.845044981036 0.487886947278 -0.218781413062 1.543
82.0643666667 11.05 1.41 11.05 -0.845044981036 0.487886947278 -0.218781413062 1.543
82.0643666667 11.05 11.05 1.41 0.845044981036 0.487886947278 -0.218781413062 1.543
6.0147 2.83 2.24 2.24 0.0 0.331554358488 -0.943436117269 1.1155
6.0147 2.83 2.24 2.24 0.0 0.331554358488 -0.943436117269 1.1155
6.0147 2.24 2.24 2.83 -0.287134497186 -0.165777179244 -0.943436117269 1.1155
6.0147 2.24 2.83 2.24 0.287134497186 -0.165777179244 -0.943436117269 1.1155
6.0147 2.24 2.83 2.24 0.287134497186 -0.165777179244 -0.943436117269 1.1155
6.0147 2.24 2.24 2.83 -0.287134497186 -0.165777179244 -0.943436117269 1.1155
11.3577 2.83 3.61 3.61 0.0 -0.294848428819 -0.955544035627 1.231
11.3577 2.83 3.61 3.61 0.0 -0.294848428819 -0.955544035627 1.231
11.3577 3.61 3.61 2.83 0.255346229623 0.14742421441 -0.955544035627 1.231
11.3577 3.61 2.83 3.61 -0.255346229623 0.14742421441 -0.955544035627 1.231
11.3577 3.61 2.83 3.61 -0.255346229623 0.14742421441 -0.955544035627 1.231
11.3577 3.61 3.61 2.83 0.255346229623 0.14742421441 -0.955544035627 1.231
15.9902333333 2.83 4.47 4.47 0.0 -0.499138015497 -0.866522499123 1.2873
15.9902333333 2.83 4.47 4.47 0.0 -0.499138015497 -0.866522499123 1.2873
15.9902333333 4.47 4.47 2.83 0.432266201415 0.249569007748 -0.866522499123 1.2873
15.9902333333 4.47 2.83 4.47 -0.432266201415 0.249569007748 -0.866522499123 1.2873
15.9902333333 4.47 2.83 4.47 -0.432266201415 0.249569007748 -0.866522499123 1.2873
15.9902333333 4.47 4.47 2.83 0.432266201415 0.249569007748 -0.866522499123 1.2873
22.0377 2.83 5.39 5.39 9.87759049713e-17 -0.636581857453 -0.77120914074 1.341
22.0377 2.83 5.39 5.39 9.87759049713e-17 -0.636581857453 -0.77120914074 1.341
22.0377 5.39 5.39 2.83 0.551296060143 0.318290928727 -0.77120914074 1.341
22.0377 5.39 2.83 5.39 -0.551296060143 0.318290928727 -0.77120914074 1.341
22.0377 5.39 2.83 5.39 -0.551296060143 0.318290928727 -0.77120914074 1.341
22.0377 5.39 5.39 2.83 0.551296060143 0.318290928727 -0.77120914074 1.341
29.2979 2.83 6.32 6.32 7.42986275803e-17 -0.726639110653 -0.68701936135 1.3927
29.2979 2.83 6.32 6.32 7.42986275803e-17 -0.726639110653 -0.68701936135 1.3927
29.2979 6.32 6.32 2.83 0.629287929209 0.363319555326 -0.68701936135 1.3927
29.2979 6.32 2.83 6.32 -0.629287929209 0.363319555326 -0.68701936135 1.3927
29.2979 6.32 2.83 6.32 -0.629287929209 0.363319555326 -0.68701936135 1.3927
29.2979 6.32 6.32 2.83 0.629287929209 0.363319555326 -0.68701936135 1.3927
38.0019 2.83 7.28 7.28 5.72811822826e-17 -0.789250011184 -0.614071998911 1.4432
38.0019 2.83 7.28 7.28 5.72811822826e-17 -0.789250011184 -0.614071998911 1.4432
38.0019 7.28 7.28 2.83 0.683510559622 0.394625005592 -0.614071998911 1.4432
38.0019 7.28 2.83 7.28 -0.683510559622 0.394625005592 -0.614071998911 1.4432
38.0019 7.28 2.83 7.28 -0.683510559622 0.394625005592 -0.614071998911 1.4432
38.0019 7.28 7.28 2.83 0.683510559622 0.394625005592 -0.614071998911 1.4432
48.0446333333 2.83 8.25 8.25 4.5307740115e-17 -0.833302921797 -0.552816642771 1.4926
48.0446333333 2.83 8.25 8.25 4.5307740115e-17 -0.833302921797 -0.552816642771 1.4926
48.0446333333 8.25 8.25 2.83 0.721661499324 0.416651460899 -0.552816642771 1.4926
48.0446333333 8.25 2.83 8.25 -0.721661499324 0.416651460899 -0.552816642771 1.4926
48.0446333333 8.25 2.83 8.25 -0.721661499324 0.416651460899 -0.552816642771 1.4926
48.0446333333 8.25 8.25 2.83 0.721661499324 0.416651460899 -0.552816642771 1.4926
59.3419 2.83 9.22 9.22 3.66822390417e-17 -0.865038025409 -0.501706303127 1.5414
59.3419 2.83 9.22 9.22 3.66822390417e-17 -0.865038025409 -0.501706303127 1.5414
59.3419 9.22 9.22 2.83 0.749144905243 0.432519012704 -0.501706303127 1.5414
59.3419 9.22 2.83 9.22 -0.749144905243 0.432519012704 -0.501706303127 1.5414
59.3419 9.22 2.83 9.22 -0.749144905243 0.432519012704 -0.501706303127 1.5414
59.3419 9.22 9.22 2.83 0.749144905243 0.432519012704 -0.501706303127 1.5414
72.0296333333 2.83 10.2 10.2 3.02208085791e-17 -0.888811040271 -0.458273864291 1.5897
72.0296333333 2.83 10.2 10.2 3.02208085791e-17 -0.888811040271 -0.458273864291 1.5897
72.0296333333 10.2 10.2 2.83 0.769732940039 0.444405520135 -0.458273864291 1.5897
72.0296333333 10.2 2.83 10.2 -0.769732940039 0.444405520135 -0.458273864291 1.5897
72.0296333333 10.2 2.83 10.2 -0.769732940039 0.444405520135 -0.458273864291 1.5897
72.0296333333 10.2 10.2 2.83 0.769732940039 0.444405520135 -0.458273864291 1.5897
85.9979 2.83 11.18 11.18 2.53121734483e-17 -0.906870981733 -0.42140837971 1.6348
85.9979 2.83 11.18 11.18 2.53121734483e-17 -0.906870981733 -0.42140837971 1.6348
85.9979 11.18 11.18 2.83 0.785373308136 0.453435490867 -0.42140837971 1.6348
85.9979 11.18 2.83 11.18 -0.785373308136 0.453435490867 -0.42140837971 1.6348
85.9979 11.18 2.83 11.18 -0.785373308136 0.453435490867 -0.42140837971 1.6348
85.9979 11.18 11.18 2.83 0.785373308136 0.453435490867 -0.42140837971 1.6348
12.6496 4.24 3.16 3.16 0.0 0.421199089299 -0.906968206264 1.2476
12.6496 4.24 3.16 3.16 0.0 0.421199089299 -0.906968206264 1.2476
12.6496 3.16 3.16 4.24 -0.364769111384 -0.21059954465 -0.906968206264 1.2476
12.6496 3.16 4.24 3.16 0.364769111384 -0.21059954465 -0.906968206264 1.2476
12.6496 3.16 4.24 3.16 0.364769111384 -0.21059954465 -0.906968206264 1.2476
12.6496 3.16 3.16 4.24 -0.364769111384 -0.21059954465 -0.906968206264 1.2476
14.6806 4.24 3.61 3.61 0.0 0.224582101549 -0.974455170679 1.282
14.6806 4.24 3.61 3.61 0.0 0.224582101549 -0.974455170679 1.282
14.6806 3.61 3.61 4.24 -0.194493805177 -0.112291050774 -0.974455170679 1.282
14.6806 3.61 4.24 3.61 0.194493805177 -0.112291050774 -0.974455170679 1.282
14.6806 3.61 4.24 3.61 0.194493805177 -0.112291050774 -0.974455170679 1.282
14.6806 3.61 3.61 4.24 -0.194493805177 -0.112291050774 -0.974455170679 1.282
22.6592 4.24 5.0 5.0 0.0 -0.206609235984 -0.97842353999 1.3718
22.6592 4.24 5.0 5.0 0.0 -0.206609235984 -0.97842353999 1.3718
22.6592 5.0 5.0 4.24 0.178928847018 0.103304617992 -0.97842353999 1.3718
22.6592 5.0 4.24 5.0 -0.178928847018 0.103304617992 -0.97842353999 1.3718
22.6592 5.0 4.24 5.0 -0.178928847018 0.103304617992 -0.97842353999 1.3718
22.6592 5.0 5.0 4.24 0.178928847018 0.103304617992 -0.97842353999 1.3718
28.6518 4.24 5.83 5.83 0.0 -0.372549019608 -0.928012514996 1.4196
28.6518 4.24 5.83 5.83 0.0 -0.372549019608 -0.928012514996 1.4196
28.6518 5.83 5.83 4.24 0.322636915135 0.186274509804 -0.928012514996 1.4196
28.6518 5.83 4.24 5.83 -0.322636915135 0.186274509804 -0.928012514996 1.4196
28.6518 5.83 4.24 5.83 -0.322636915135 0.186274509804 -0.928012514996 1.4196
28.6518 5.83 5.83 4.24 0.322636915135 0.186274509804 -0.928012514996 1.4196
36.0086 4.24 6.71 6.71 0.0 -0.500741489533 -0.865596881152 1.4676
36.0086 4.24 6.71 6.71 0.0 -0.500741489533 -0.865596881152 1.4676
36.0086 6.71 6.71 4.24 0.433654850664 0.250370744767 -0.865596881152 1.4676
36.0086 6.71 4.24 6.71 -0.433654850664 0.250370744767 -0.865596881152 1.4676
36.0086 6.71 4.24 6.71 -0.433654850664 0.250370744767 -0.865596881152 1.4676
36.0086 6.71 6.71 4.24 0.433654850664 0.250370744767 -0.865596881152 1.4676
44.7021333333 4.24 7.62 7.62 0.0 -0.597835748331 -0.801618623796 1.5154
44.7021333333 4.24 7.62 7.62 0.0 -0.597835748331 -0.801618623796 1.5154
44.7021333333 7.62 7.62 4.24 0.517740945345 0.298917874166 -0.801618623796 1.5154
44.7021333333 7.62 4.24 7.62 -0.517740945345 0.298917874166 -0.801618623796 1.5154
44.7021333333 7.62 4.24 7.62 -0.517740945345 0.298917874166 -0.801618623796 1.5154
44.7021333333 7.62 7.62 4.24 0.517740945345 0.298917874166 -0.801618623796 1.5154
54.6136 4.24 8.54 8.54 -7.96222849524e-17 -0.670821919815 -0.741618467877 1.5632
54.6136 4.24 8.54 8.54 -7.96222849524e-17 -0.670821919815 -0.741618467877 1.5632
54.6136 8.54 8.54 4.24 0.580948823975 0.335410959907 -0.741618467877 1.5632
54.6136 8.54 4.24 8.54 -0.580948823975 0.335410959907 -0.741618467877 1.5632
54.6136 8.54 4.24 8.54 -0.580948823975 0.335410959907 -0.741618467877 1.5632
54.6136 8.54 8.54 4.24 0.580948823975 0.335410959907 -0.741618467877 1.5632
66.0326 4.24 9.49 9.49 6.58532243388e-17 -0.727746597893 -0.685846111935 1.6107
66.0326 4.24 9.49 9.49 6.58532243388e-17 -0.727746597893 -0.685846111935 1.6107
66.0326 9.49 9.49 4.24 0.630247041293 0.363873298946 -0.685846111935 1.6107
66.0326 9.49 4.24 9.49 -0.630247041293 0.363873298946 -0.685846111935 1.6107
66.0326 9.49 4.24 9.49 -0.630247041293 0.363873298946 -0.685846111935 1.6107
66.0326 9.49 9.49 4.24 0.630247041293 0.363873298946 -0.685846111935 1.6107
78.6549333333 4.24 10.44 10.44 5.52852750259e-17 -0.771437095702 -0.636305592757 1.6579
78.6549333333 4.24 10.44 10.44 5.52852750259e-17 -0.771437095702 -0.636305592757 1.6579
78.6549333333 10.44 10.44 4.24 0.6680841223 0.385718547851 -0.636305592757 1.6579
78.6549333333 10.44 4.24 10.44 -0.6680841223 0.385718547851 -0.636305592757 1.6579
78.6549333333 10.44 4.24 10.44 -0.6680841223 0.385718547851 -0.636305592757 1.6579
78.6549333333 10.44 10.44 4.24 0.6680841223 0.385718547851 -0.636305592757 1.6579
92.6325333333 4.24 11.4 11.4 4.69431145301e-17 -0.805925635918 -0.592016781325 1.7022
92.6325333333 4.24 11.4 11.4 4.69431145301e-17 -0.805925635918 -0.592016781325 1.7022
92.6325333333 11.4 11.4 4.24 0.697952074266 0.402962817959 -0.592016781325 1.7022
92.6325333333 11.4 4.24 11.4 -0.697952074266 0.402962817959 -0.592016781325 1.7022
92.6325333333 11.4 4.24 11.4 -0.697952074266 0.402962817959 -0.592016781325 1.7022
92.6325333333 11.4 11.4 4.24 0.697952074266 0.402962817959 -0.592016781325 1.7022
21.9948 5.66 4.12 4.12 0.0 0.456507901868 -0.889719357737 1.3578
21.9948 5.66 4.12 4.12 0.0 0.456507901868 -0.889719357737 1.3578
21.9948 4.12 4.12 5.66 -0.395347440046 -0.228253950934 -0.889719357737 1.3578
21.9948 4.12 5.66 4.12 0.395347440046 -0.228253950934 -0.889719357737 1.3578
21.9948 4.12 5.66 4.12 0.395347440046 -0.228253950934 -0.889719357737 1.3578
21.9948 4.12 4.12 5.66 -0.395347440046 -0.228253950934 -0.889719357737 1.3578
23.9991333333 5.66 4.47 4.47 0.0 0.33486487012 -0.942266161315 1.3814
23.9991333333 5.66 4.47 4.47 0.0 0.33486487012 -0.942266161315 1.3814
23.9991333333 4.47 4.47 5.66 -0.290001484359 -0.16743243506 -0.942266161315 1.3814
23.9991333333 4.47 5.66 4.47 0.290001484359 -0.16743243506 -0.942266161315 1.3814
23.9991333333 4.47 5.66 4.47 0.290001484359 -0.16743243506 -0.942266161315 1.3814
23.9991333333 4.47 4.47 5.66 -0.290001484359 -0.16743243506 -0.942266161315 1.3814
27.3452 5.66 5.0 5.0 0.0 0.171525532817 -0.985179674776 1.4148
27.3452 5.66 5.0 5.0 0.0 0.171525532817 -0.985179674776 1.4148
27.3452 5.0 5.0 5.66 -0.148545468818 -0.0857627664087 -0.985179674776 1.4148
27.3452 5.0 5.66 5.0 0.148545468818 -0.0857627664087 -0.985179674776 1.4148
27.3452 5.0 5.66 5.0 0.148545468818 -0.0857627664087 -0.985179674776 1.4148
27.3452 5.0 5.0 5.66 -0.148545468818 -0.0857627664087 -0.985179674776 1.4148
37.9852 5.66 6.4 6.4 0.0 -0.156629424091 -0.98765744239 1.4961
37.9852 5.66 6.4 6.4 0.0 -0.156629424091 -0.98765744239 1.4961
37.9852 6.4 6.4 5.66 0.135645060243 0.0783147120457 -0.98765744239 1.4961
37.9852 6.4 5.66 6.4 -0.135645060243 0.0783147120457 -0.98765744239 1.4961
37.9852 6.4 5.66 6.4 -0.135645060243 0.0783147120457 -0.98765744239 1.4961
37.9852 6.4 6.4 5.66 0.135645060243 0.0783147120457 -0.98765744239 1.4961
45.3346 5.66 7.21 7.21 0.0 -0.293352097515 -0.956004470117 1.5401
45.3346 5.66 7.21 7.21 0.0 -0.293352097515 -0.956004470117 1.5401
45.3346 7.21 7.21 5.66 0.254050368701 0.146676048757 -0.956004470117 1.5401
45.3346 7.21 5.66 7.21 -0.254050368701 0.146676048757 -0.956004470117 1.5401
45.3346 7.21 5.66 7.21 -0.254050368701 0.146676048757 -0.956004470117 1.5401
45.3346 7.21 7.21 5.66 0.254050368701 0.146676048757 -0.956004470117 1.5401
53.9876 5.66 8.06 8.06 0.0 -0.406611888656 -0.913600991683 1.5852
53.9876 5.66 8.06 8.06 0.0 -0.406611888656 -0.913600991683 1.5852
53.9876 8.06 8.06 5.66 0.352136225057 0.203305944328 -0.913600991683 1.5852
53.9876 8.06 5.66 8.06 -0.352136225057 0.203305944328 -0.913600991683 1.5852
53.9876 8.06 5.66 8.06 -0.352136225057 0.203305944328 -0.913600991683 1.5852
53.9876 8.06 8.06 5.66 0.352136225057 0.203305944328 -0.913600991683 1.5852
63.9609333333 5.66 8.94 8.94 0.0 -0.499138015497 -0.866522499123 1.6307
63.9609333333 5.66 8.94 8.94 0.0 -0.499138015497 -0.866522499123 1.6307
63.9609333333 8.94 8.94 5.66 0.432266201415 0.249569007748 -0.866522499123 1.6307
63.9609333333 8.94 5.66 8.94 -0.432266201415 0.249569007748 -0.866522499123 1.6307
63.9609333333 8.94 5.66 8.94 -0.432266201415 0.249569007748 -0.866522499123 1.6307
63.9609333333 8.94 8.94 5.66 0.432266201415 0.249569007748 -0.866522499123 1.6307
75.3602 5.66 9.85 9.85 0.0 -0.574900278927 -0.818223483707 1.6768
75.3602 5.66 9.85 9.85 0.0 -0.574900278927 -0.818223483707 1.6768
75.3602 9.85 9.85 5.66 0.497878246194 0.287450139464 -0.818223483707 1.6768
75.3602 9.85 5.66 9.85 -0.497878246194 0.287450139464 -0.818223483707 1.6768
75.3602 9.85 5.66 9.85 -0.497878246194 0.287450139464 -0.818223483707 1.6768
75.3602 9.85 9.85 5.66 0.497878246194 0.287450139464 -0.818223483707 1.6768
88.0071333333 5.66 10.77 10.77 -9.89371510485e-17 -0.635988597894 -0.771698453639 1.7225
88.0071333333 5.66 10.77 10.77 -9.89371510485e-17 -0.635988597894 -0.771698453639 1.7225
88.0071333333 10.77 10.77 5.66 0.550782282293 0.317994298947 -0.771698453639 1.7225
88.0071333333 10.77 5.66 10.77 -0.550782282293 0.317994298947 -0.771698453639 1.7225
88.0071333333 10.77 5.66 10.77 -0.550782282293 0.317994298947 -0.771698453639 1.7225
88.0071333333 10.77 10.77 5.66 0.550782282293 0.317994298947 -0.771698453639 1.7225
101.938533333 5.66 11.7 11.7 8.54159340852e-17 -0.685736110257 -0.727850250456 1.7655
101.938533333 5.66 11.7 11.7 8.54159340852e-17 -0.685736110257 -0.727850250456 1.7655
101.938533333 11.7 11.7 5.66 0.593864891775 0.342868055129 -0.727850250456 1.7655
101.938533333 11.7 5.66 11.7 -0.593864891775 0.342868055129 -0.727850250456 1.7655
101.938533333 11.7 5.66 11.7 -0.593864891775 0.342868055129 -0.727850250456 1.7655
101.938533333 11.7 11.7 5.66 0.593864891775 0.342868055129 -0.727850250456 1.7655
34.0016333333 7.07 5.1 5.1 0.0 0.470073496469 -0.882627275761 1.4579
34.0016333333 7.07 5.1 5.1 0.0 0.470073496469 -0.882627275761 1.4579
34.0016333333 5.1 5.1 7.07 -0.407095589588 -0.235036748235 -0.882627275761 1.4579
34.0016333333 5.1 7.07 5.1 0.407095589588 -0.235036748235 -0.882627275761 1.4579
34.0016333333 5.1 7.07 5.1 0.407095589588 -0.235036748235 -0.882627275761 1.4579
34.0016333333 5.1 5.1 7.07 -0.407095589588 -0.235036748235 -0.882627275761 1.4579
36.0297 7.07 5.39 5.39 -1.0062325391e-16 0.387324901401 -0.921943284999 1.4758
36.0297 7.07 5.39 5.39 -1.0062325391e-16 0.387324901401 -0.921943284999 1.4758
36.0297 5.39 5.39 7.07 -0.335433204131 -0.1936624507 -0.921943284999 1.4758
36.0297 5.39 7.07 5.39 0.335433204131 -0.1936624507 -0.921943284999 1.4758
36.0297 5.39 7.07 5.39 0.335433204131 -0.1936624507 -0.921943284999 1.4758
36.0297 5.39 5.39 7.07 -0.335433204131 -0.1936624507 -0.921943284999 1.4758
39.3209 7.07 5.83 5.83 -9.22009834819e-17 0.27120437223 -0.962521785979 1.5028
39.3209 7.07 5.83 5.83 -9.22009834819e-17 0.27120437223 -0.962521785979 1.5028
39.3209 5.83 5.83 7.07 -0.234869875968 -0.135602186115 -0.962521785979 1.5028
39.3209 5.83 7.07 5.83 0.234869875968 -0.135602186115 -0.962521785979 1.5028
39.3209 5.83 7.07 5.83 0.234869875968 -0.135602186115 -0.962521785979 1.5028
39.3209 5.83 5.83 7.07 -0.234869875968 -0.135602186115 -0.962521785979 1.5028
43.9683 7.07 6.4 6.4 -8.24554429304e-17 0.136839495728 -0.990593232568 1.5361
43.9683 7.07 6.4 6.4 -8.24554429304e-17 0.136839495728 -0.990593232568 1.5361
43.9683 6.4 6.4 7.07 -0.118506479541 -0.0684197478638 -0.990593232568 1.5361
43.9683 6.4 7.07 6.4 0.118506479541 -0.0684197478638 -0.990593232568 1.5361
43.9683 6.4 7.07 6.4 0.118506479541 -0.0684197478638 -0.990593232568 1.5361
43.9683 6.4 6.4 7.07 -0.118506479541 -0.0684197478638 -0.990593232568 1.5361
57.3257 7.07 7.81 7.81 0.0 -0.128054258387 -0.991767163657 1.614
57.3257 7.07 7.81 7.81 0.0 -0.128054258387 -0.991767163657 1.614
57.3257 7.81 7.81 7.07 0.110898240826 0.0640271291934 -0.991767163657 1.614
57.3257 7.81 7.07 7.81 -0.110898240826 0.0640271291934 -0.991767163657 1.614
57.3257 7.81 7.07 7.81 -0.110898240826 0.0640271291934 -0.991767163657 1.614
57.3257 7.81 7.81 7.07 0.110898240826 0.0640271291934 -0.991767163657 1.614
65.9683 7.07 8.6 8.6 5.49570877436e-17 -0.242289099461 -0.970204098261 1.6563
65.9683 7.07 8.6 8.6 5.49570877436e-17 -0.242289099461 -0.970204098261 1.6563
65.9683 8.6 8.6 7.07 0.209828515194 0.121144549731 -0.970204098261 1.6563
65.9683 8.6 7.07 8.6 -0.209828515194 0.121144549731 -0.970204098261 1.6563
65.9683 8.6 7.07 8.6 -0.209828515194 0.121144549731 -0.970204098261 1.6563
65.9683 8.6 8.6 7.07 0.209828515194 0.121144549731 -0.970204098261 1.6563
75.9449 7.07 9.43 9.43 4.7737578842e-17 -0.341826771778 -0.939762979743 1.6994
75.9449 7.07 9.43 9.43 4.7737578842e-17 -0.341826771778 -0.939762979743 1.6994
75.9449 9.43 9.43 7.07 0.296030668053 0.170913385889 -0.939762979743 1.6994
75.9449 9.43 7.07 9.43 -0.296030668053 0.170913385889 -0.939762979743 1.6994
75.9449 9.43 7.07 9.43 -0.296030668053 0.170913385889 -0.939762979743 1.6994
75.9449 9.43 9.43 7.07 0.296030668053 0.170913385889 -0.939762979743 1.6994
87.3883 7.07 10.3 10.3 4.14863963642e-17 -0.428013818784 -0.903772189731 1.7439
87.3883 7.07 10.3 10.3 4.14863963642e-17 -0.428013818784 -0.903772189731 1.7439
87.3883 10.3 10.3 7.07 0.370670840237 0.214006909392 -0.903772189731 1.7439
87.3883 10.3 7.07 10.3 -0.370670840237 0.214006909392 -0.903772189731 1.7439
87.3883 10.3 7.07 10.3 -0.370670840237 0.214006909392 -0.903772189731 1.7439
87.3883 10.3 10.3 7.07 0.370670840237 0.214006909392 -0.903772189731 1.7439
99.9899 7.07 11.18 11.18 3.62579185637e-17 -0.500100510152 -0.865967366444 1.7877
99.9899 7.07 11.18 11.18 3.62579185637e-17 -0.500100510152 -0.865967366444 1.7877
99.9899 11.18 11.18 7.07 0.433099746237 0.250050255076 -0.865967366444 1.7877
99.9899 11.18 7.07 11.18 -0.433099746237 0.250050255076 -0.865967366444 1.7877
99.9899 11.18 7.07 11.18 -0.433099746237 0.250050255076 -0.865967366444 1.7877
99.9899 11.18 11.18 7.07 0.433099746237 0.250050255076 -0.865967366444 1.7877
113.9459 7.07 12.08 12.08 -3.18170785557e-17 -0.561327788012 -0.827593568369 1.8307
113.9459 7.07 12.08 12.08 -3.18170785557e-17 -0.561327788012 -0.827593568369 1.8307
113.9459 12.08 12.08 7.07 0.486124124268 0.280663894006 -0.827593568369 1.8307
113.9459 12.08 7.07 12.08 -0.486124124268 0.280663894006 -0.827593568369 1.8307
113.9459 12.08 7.07 12.08 -0.486124124268 0.280663894006 -0.827593568369 1.8307
113.9459 12.08 12.08 7.07 0.486124124268 0.280663894006 -0.827593568369 1.8307
48.6709666667 8.49 6.08 6.08 -1.7889874889e-16 0.480967092634 -0.876738647377 1.553
48.6709666667 8.49 6.08 6.08 -1.7889874889e-16 0.480967092634 -0.876738647377 1.553
48.6709666667 6.08 6.08 8.49 -0.416529720605 -0.240483546317 -0.876738647377 1.553
48.6709666667 6.08 8.49 6.08 0.416529720605 -0.240483546317 -0.876738647377 1.553
48.6709666667 6.08 8.49 6.08 0.416529720605 -0.240483546317 -0.876738647377 1.553
48.6709666667 6.08 6.08 8.49 -0.416529720605 -0.240483546317 -0.876738647377 1.553
50.6549666667 8.49 6.32 6.32 0.0 0.422962144548 -0.90614735241 1.5676
50.6549666667 8.49 6.32 6.32 0.0 0.422962144548 -0.90614735241 1.5676
50.6549666667 6.32 6.32 8.49 -0.366295962018 -0.211481072274 -0.90614735241 1.5676
50.6549666667 6.32 8.49 6.32 0.366295962018 -0.211481072274 -0.90614735241 1.5676
50.6549666667 6.32 8.49 6.32 0.366295962018 -0.211481072274 -0.90614735241 1.5676
50.6549666667 6.32 6.32 8.49 -0.366295962018 -0.211481072274 -0.90614735241 1.5676
54.0427666667 8.49 6.71 6.71 1.61116382099e-16 0.333760361393 -0.942657955551 1.5902
54.0427666667 8.49 6.71 6.71 1.61116382099e-16 0.333760361393 -0.942657955551 1.5902
54.0427666667 6.71 6.71 8.49 -0.289044951742 -0.166880180696 -0.942657955551 1.5902
54.0427666667 6.71 8.49 6.71 0.289044951742 -0.166880180696 -0.942657955551 1.5902
54.0427666667 6.71 8.49 6.71 0.289044951742 -0.166880180696 -0.942657955551 1.5902
54.0427666667 6.71 6.71 8.49 -0.289044951742 -0.166880180696 -0.942657955551 1.5902
58.6827666667 8.49 7.21 7.21 0.0 0.22830098331 -0.973590602368 1.6191
58.6827666667 8.49 7.21 7.21 0.0 0.22830098331 -0.973590602368 1.6191
58.6827666667 7.21 7.21 8.49 -0.197714451255 -0.114150491655 -0.973590602368 1.6191
58.6827666667 7.21 8.49 7.21 0.197714451255 -0.114150491655 -0.973590602368 1.6191
58.6827666667 7.21 8.49 7.21 0.197714451255 -0.114150491655 -0.973590602368 1.6191
58.6827666667 7.21 7.21 8.49 -0.197714451255 -0.114150491655 -0.973590602368 1.6191
64.6907666667 8.49 7.81 7.81 -1.34596875143e-16 0.114225471641 -0.993454851329 1.6529
64.6907666667 8.49 7.81 7.81 -1.34596875143e-16 0.114225471641 -0.993454851329 1.6529
64.6907666667 7.81 7.81 8.49 -0.0989221602006 -0.0571127358206 -0.993454851329 1.6529
64.6907666667 7.81 8.49 7.81 0.0989221602006 -0.0571127358206 -0.993454851329 1.6529
64.6907666667 7.81 8.49 7.81 0.0989221602006 -0.0571127358206 -0.993454851329 1.6529
64.6907666667 7.81 7.81 8.49 -0.0989221602006 -0.0571127358206 -0.993454851329 1.6529
80.6989666667 8.49 9.22 9.22 0.0 -0.106802689336 -0.994280234919 1.7295
80.6989666667 8.49 9.22 9.22 0.0 -0.106802689336 -0.994280234919 1.7295
80.6989666667 9.22 9.22 8.49 0.0924938421578 0.0534013446682 -0.994280234919 1.7295
80.6989666667 9.22 8.49 9.22 -0.0924938421578 0.0534013446682 -0.994280234919 1.7295
80.6989666667 9.22 8.49 9.22 -0.0924938421578 0.0534013446682 -0.994280234919 1.7295
80.6989666667 9.22 9.22 8.49 0.0924938421578 0.0534013446682 -0.994280234919 1.7295
90.6933666667 8.49 10.0 10.0 -9.60067462921e-17 -0.205232944269 -0.978713154395 1.7699
90.6933666667 8.49 10.0 10.0 -9.60067462921e-17 -0.205232944269 -0.978713154395 1.7699
90.6933666667 10.0 10.0 8.49 0.17773694343 0.102616472134 -0.978713154395 1.7699
90.6933666667 10.0 8.49 10.0 -0.17773694343 0.102616472134 -0.978713154395 1.7699
90.6933666667 10.0 8.49 10.0 -0.17773694343 0.102616472134 -0.978713154395 1.7699
90.6933666667 10.0 10.0 8.49 0.17773694343 0.102616472134 -0.978713154395 1.7699
102.074966667 8.49 10.82 10.82 0.0 -0.293851349123 -0.955851130992 1.8108
102.074966667 8.49 10.82 10.82 0.0 -0.293851349123 -0.955851130992 1.8108
102.074966667 10.82 10.82 8.49 0.254482733277 0.146925674561 -0.955851130992 1.8108
102.074966667 10.82 8.49 10.82 -0.254482733277 0.146925674561 -0.955851130992 1.8108
102.074966667 10.82 8.49 10.82 -0.254482733277 0.146925674561 -0.955851130992 1.8108
102.074966667 10.82 10.82 8.49 0.254482733277 0.146925674561 -0.955851130992 1.8108
114.663766667 8.49 11.66 11.66 -7.59365865702e-17 -0.37137857847 -0.928481529948 1.8556
114.663766667 8.49 11.66 11.66 -7.59365865702e-17 -0.37137857847 -0.928481529948 1.8556
114.663766667 11.66 11.66 8.49 0.321623283376 0.185689289235 -0.928481529948 1.8556
114.663766667 11.66 8.49 11.66 -0.321623283376 0.185689289235 -0.928481529948 1.8556
114.663766667 11.66 8.49 11.66 -0.321623283376 0.185689289235 -0.928481529948 1.8556
114.663766667 11.66 11.66 8.49 0.321623283376 0.185689289235 -0.928481529948 1.8556
128.693966667 8.49 12.53 12.53 6.76579894883e-17 -0.43991080649 -0.898041470275 1.9051
128.693966667 8.49 12.53 12.53 6.76579894883e-17 -0.43991080649 -0.898041470275 1.9051
128.693966667 12.53 12.53 8.49 0.380973933819 0.219955403245 -0.898041470275 1.9051
128.693966667 12.53 8.49 12.53 -0.380973933819 0.219955403245 -0.898041470275 1.9051
128.693966667 12.53 8.49 12.53 -0.380973933819 0.219955403245 -0.898041470275 1.9051
128.693966667 12.53 12.53 8.49 0.380973933819 0.219955403245 -0.898041470275 1.9051
1.32936666667 1.0 1.0 1.41 -0.429136531922 -0.247762092224 -0.868594141488 0.8139
1.32936666667 1.0 1.41 1.0 0.429136531922 -0.247762092224 -0.868594141488 0.8139
1.32936666667 1.0 1.41 1.0 0.429136531922 -0.247762092224 -0.868594141488 0.8139
1.32936666667 1.0 1.0 1.41 -0.429136531922 -0.247762092224 -0.868594141488 0.8139
1.32936666667 1.41 1.0 1.0 0.0 0.495524184449 -0.868594141488 0.8139
1.32936666667 1.41 1.0 1.0 0.0 0.495524184449 -0.868594141488 0.8139
3.3392 1.0 2.0 2.24 -0.175943829039 -0.700527072353 -0.691596406818 0.9588
3.3392 1.0 2.24 2.0 0.175943829039 -0.700527072353 -0.691596406818 0.9588
3.3392 2.0 2.24 1.0 0.694646155216 0.197891710589 -0.691596406818 0.9588
3.3392 2.0 1.0 2.24 -0.694646155216 0.197891710589 -0.691596406818 0.9588
3.3392 2.24 1.0 2.0 -0.518702326177 0.502635361763 -0.691596406818 0.9588
3.3392 2.24 2.0 1.0 0.518702326177 0.502635361763 -0.691596406818 0.9588
6.66186666667 1.0 3.0 3.16 -0.0854169640111 -0.849891922184 -0.519988137235 1.05
6.66186666667 1.0 3.16 3.0 0.0854169640111 -0.849891922184 -0.519988137235 1.05
6.66186666667 3.0 3.16 1.0 0.778736477088 0.350972700344 -0.519988137235 1.05
6.66186666667 3.0 1.0 3.16 -0.778736477088 0.350972700344 -0.519988137235 1.05
6.66186666667 3.16 1.0 3.0 -0.693319513077 0.49891922184 -0.519988137235 1.05
6.66186666667 3.16 3.0 1.0 0.693319513077 0.49891922184 -0.519988137235 1.05
11.3248 1.0 4.0 4.12 -0.0496759414999 -0.911698219836 -0.407846364191 1.1197
11.3248 1.0 4.12 4.0 0.0496759414999 -0.911698219836 -0.407846364191 1.1197
11.3248 4.0 4.12 1.0 0.814391789713 0.412828482622 -0.407846364191 1.1197
11.3248 4.0 1.0 4.12 -0.814391789713 0.412828482622 -0.407846364191 1.1197
11.3248 4.12 1.0 4.0 -0.764715848213 0.498869737214 -0.407846364191 1.1197
11.3248 4.12 4.0 1.0 0.764715848213 0.498869737214 -0.407846364191 1.1197
17.3366666667 1.0 5.0 5.1 -0.0336352877455 -0.942318784849 -0.333022484434 1.1799
17.3366666667 1.0 5.1 5.0 0.0336352877455 -0.942318784849 -0.333022484434 1.1799
17.3366666667 5.0 5.1 1.0 0.832889650015 0.442030378773 -0.333022484434 1.1799
17.3366666667 5.0 1.0 5.1 -0.832889650015 0.442030378773 -0.333022484434 1.1799
17.3366666667 5.1 1.0 5.0 -0.79925436227 0.500288406076 -0.333022484434 1.1799
17.3366666667 5.1 5.0 1.0 0.79925436227 0.500288406076 -0.333022484434 1.1799
24.6554666667 1.0 6.0 6.08 -0.0226299225112 -0.959441043501 -0.280999591909 1.2352
24.6554666667 1.0 6.08 6.0 0.0226299225112 -0.959441043501 -0.280999591909 1.2352
24.6554666667 6.0 6.08 1.0 0.842215278361 0.46012243397 -0.280999591909 1.2352
24.6554666667 6.0 1.0 6.08 -0.842215278361 0.46012243397 -0.280999591909 1.2352
24.6554666667 6.08 1.0 6.0 -0.81958535585 0.499318609531 -0.280999591909 1.2352
24.6554666667 6.08 6.0 1.0 0.81958535585 0.499318609531 -0.280999591909 1.2352
5.3363 2.0 2.0 2.83 -0.433734890121 -0.250416955568 -0.865543409342 1.0796
5.3363 2.0 2.83 2.0 0.433734890121 -0.250416955568 -0.865543409342 1.0796
5.3363 2.0 2.83 2.0 0.433734890121 -0.250416955568 -0.865543409342 1.0796
5.3363 2.0 2.0 2.83 -0.433734890121 -0.250416955568 -0.865543409342 1.0796
5.3363 2.83 2.0 2.0 0.0 0.500833911137 -0.865543409342 1.0796
5.3363 2.83 2.0 2.0 0.0 0.500833911137 -0.865543409342 1.0796
8.67736666667 2.0 3.0 3.61 -0.268276553225 -0.539030658303 -0.798419463941 1.1597
8.67736666667 2.0 3.61 3.0 0.268276553225 -0.539030658303 -0.798419463941 1.1597
8.67736666667 3.0 3.61 2.0 0.600952520121 0.0371810188191 -0.798419463941 1.1597
8.67736666667 3.0 2.0 3.61 -0.600952520121 0.0371810188191 -0.798419463941 1.1597
8.67736666667 3.61 2.0 3.0 -0.332675966896 0.501849639484 -0.798419463941 1.1597
8.67736666667 3.61 3.0 2.0 0.332675966896 0.501849639484 -0.798419463941 1.1597
13.3269666667 2.0 4.0 4.47 -0.172460376326 -0.699856681565 -0.693150808891 1.2244
13.3269666667 2.0 4.47 4.0 0.172460376326 -0.699856681565 -0.693150808891 1.2244
13.3269666667 4.0 4.47 2.0 0.692323853407 0.200573273738 -0.693150808891 1.2244
13.3269666667 4.0 2.0 4.47 -0.692323853407 0.200573273738 -0.693150808891 1.2244
13.3269666667 4.47 2.0 4.0 -0.519863477081 0.499283407827 -0.693150808891 1.2244
13.3269666667 4.47 4.0 2.0 0.519863477081 0.499283407827 -0.693150808891 1.2244
19.3507 2.0 5.0 5.39 -0.120899038577 -0.793289131659 -0.596720852713 1.282
19.3507 2.0 5.39 5.0 0.120899038577 -0.793289131659 -0.596720852713 1.282
19.3507 5.0 5.39 2.0 0.747458059851 0.291942927129 -0.596720852713 1.282
19.3507 5.0 2.0 5.39 -0.747458059851 0.291942927129 -0.596720852713 1.282
19.3507 5.39 2.0 5.0 -0.626559021275 0.50134620453 -0.596720852713 1.282
19.3507 5.39 5.0 2.0 0.626559021275 0.50134620453 -0.596720852713 1.282
33.3283 1.0 7.0 7.07 -0.017061544697 -0.969995469316 -0.242523593078 1.2877
33.3283 1.0 7.07 7.0 0.017061544697 -0.969995469316 -0.242523593078 1.2877
33.3283 7.0 7.07 1.0 0.848571490332 0.470222003523 -0.242523593078 1.2877
33.3283 7.0 1.0 7.07 -0.848571490332 0.470222003523 -0.242523593078 1.2877
33.3283 7.07 1.0 7.0 -0.831509945635 0.499773465793 -0.242523593078 1.2877
33.3283 7.07 7.0 1.0 0.831509945635 0.499773465793 -0.242523593078 1.2877
43.3212 1.0 8.0 8.06 -0.0128420893094 -0.976916613575 -0.213234638048 1.3386
43.3212 1.0 8.06 8.0 0.0128420893094 -0.976916613575 -0.213234638048 1.3386
43.3212 8.0 8.06 1.0 0.85245564939 0.477336731208 -0.213234638048 1.3386
43.3212 8.0 1.0 8.06 -0.85245564939 0.477336731208 -0.213234638048 1.3386
43.3212 8.06 1.0 8.0 -0.83961356008 0.499579882367 -0.213234638048 1.3386
43.3212 8.06 8.0 1.0 0.83961356008 0.499579882367 -0.213234638048 1.3386
54.6945333333 1.0 9.0 9.06 -0.0114383780895 -0.981716637129 -0.190004231245 1.3884
54.6945333333 1.0 9.06 9.0 0.0114383780895 -0.981716637129 -0.190004231245 1.3884
54.6945333333 9.0 9.06 1.0 0.855910736116 0.480952392561 -0.190004231245 1.3884
54.6945333333 9.0 1.0 9.06 -0.855910736116 0.480952392561 -0.190004231245 1.3884
54.6945333333 9.06 1.0 9.0 -0.844472358027 0.500764244568 -0.190004231245 1.3884
54.6945333333 9.06 9.0 1.0 0.844472358027 0.500764244568 -0.190004231245 1.3884
67.3341666667 1.0 10.0 10.05 -0.00859583883659 -0.985148698655 -0.171488055251 1.4373
67.3341666667 1.0 10.05 10.0 0.00859583883659 -0.985148698655 -0.171488055251 1.4373
67.3341666667 10.0 10.05 1.0 0.857461718958 0.485130134528 -0.171488055251 1.4373
67.3341666667 10.0 1.0 10.05 -0.857461718958 0.485130134528 -0.171488055251 1.4373
67.3341666667 10.05 1.0 10.0 -0.848865880122 0.500018564127 -0.171488055251 1.4373
67.3341666667 10.05 10.0 1.0 0.848865880122 0.500018564127 -0.171488055251 1.4373
81.3675 1.0 11.0 11.05 -0.00782288594072 -0.987710080806 -0.156101245124 1.4831
81.3675 1.0 11.05 11.0 0.00782288594072 -0.987710080806 -0.156101245124 1.4831
81.3675 11.0 11.05 1.0 0.859293464523 0.487080222448 -0.156101245124 1.4831
81.3675 11.0 1.0 11.05 -0.859293464523 0.487080222448 -0.156101245124 1.4831
81.3675 11.05 1.0 11.0 -0.851470578582 0.500629858359 -0.156101245124 1.4831
81.3675 11.05 11.0 1.0 0.851470578582 0.500629858359 -0.156101245124 1.4831
26.6474666667 2.0 6.0 6.32 -0.0854169640111 -0.849891922184 -0.519988137235 1.3359
26.6474666667 2.0 6.32 6.0 0.0854169640111 -0.849891922184 -0.519988137235 1.3359
26.6474666667 6.0 6.32 2.0 0.778736477088 0.350972700344 -0.519988137235 1.3359
26.6474666667 6.0 2.0 6.32 -0.778736477088 0.350972700344 -0.519988137235 1.3359
26.6474666667 6.32 2.0 6.0 -0.693319513077 0.49891922184 -0.519988137235 1.3359
26.6474666667 6.32 6.0 2.0 0.693319513077 0.49891922184 -0.519988137235 1.3359
35.3328 2.0 7.0 7.28 -0.0653352498621 -0.886790744011 -0.457529760192 1.3875
35.3328 2.0 7.28 7.0 0.0653352498621 -0.886790744011 -0.457529760192 1.3875
35.3328 7.0 7.28 2.0 0.800650937086 0.386813385862 -0.457529760192 1.3875
35.3328 7.0 2.0 7.28 -0.800650937086 0.386813385862 -0.457529760192 1.3875
35.3328 7.28 2.0 7.0 -0.735315687224 0.499977358149 -0.457529760192 1.3875
35.3328 7.28 7.0 2.0 0.735315687224 0.499977358149 -0.457529760192 1.3875
45.3541666667 2.0 8.0 8.25 -0.051714884011 -0.911805236564 -0.40735338632 1.4377
45.3541666667 2.0 8.25 8.0 0.051714884011 -0.911805236564 -0.40735338632 1.4377
45.3541666667 8.0 8.25 2.0 0.815503940174 0.411116214975 -0.40735338632 1.4377
45.3541666667 8.0 2.0 8.25 -0.815503940174 0.411116214975 -0.40735338632 1.4377
45.3541666667 8.25 2.0 8.0 -0.763789056163 0.500689021589 -0.40735338632 1.4377
45.3541666667 8.25 8.0 2.0 0.763789056163 0.500689021589 -0.40735338632 1.4377
56.6694666667 2.0 9.0 9.22 -0.0408377024727 -0.929415252423 -0.366769097145 1.4872
56.6694666667 2.0 9.22 9.0 0.0408377024727 -0.929415252423 -0.366769097145 1.4872
56.6694666667 9.0 9.22 2.0 0.825316070499 0.429341138438 -0.366769097145 1.4872
56.6694666667 9.0 2.0 9.22 -0.825316070499 0.429341138438 -0.366769097145 1.4872
56.6694666667 9.22 2.0 9.0 -0.784478368027 0.500074113985 -0.366769097145 1.4872
56.6694666667 9.22 9.0 2.0 0.784478368027 0.500074113985 -0.366769097145 1.4872
69.3466666667 2.0 10.0 10.2 -0.0336352877455 -0.942318784849 -0.333022484434 1.5358
69.3466666667 2.0 10.2 10.0 0.0336352877455 -0.942318784849 -0.333022484434 1.5358
69.3466666667 10.0 10.2 2.0 0.832889650015 0.442030378773 -0.333022484434 1.5358
69.3466666667 10.0 2.0 10.2 -0.832889650015 0.442030378773 -0.333022484434 1.5358
69.3466666667 10.2 2.0 10.0 -0.79925436227 0.500288406076 -0.333022484434 1.5358
69.3466666667 10.2 10.0 2.0 0.79925436227 0.500288406076 -0.333022484434 1.5358
83.3308 2.0 11.0 11.18 -0.0276609994709 -0.951998540756 -0.304850205031 1.5813
83.3308 2.0 11.18 11.0 0.0276609994709 -0.951998540756 -0.304850205031 1.5813
83.3308 11.0 11.18 2.0 0.838285420396 0.452044142142 -0.304850205031 1.5813
83.3308 11.0 2.0 11.18 -0.838285420396 0.452044142142 -0.304850205031 1.5813
83.3308 11.18 2.0 11.0 -0.810624420925 0.499954398614 -0.304850205031 1.5813
83.3308 11.18 11.0 2.0 0.810624420925 0.499954398614 -0.304850205031 1.5813
11.9925333333 3.0 3.0 4.24 -0.432203908266 -0.249533042782 -0.866563928536 1.2322
11.9925333333 3.0 4.24 3.0 0.432203908266 -0.249533042782 -0.866563928536 1.2322
11.9925333333 3.0 4.24 3.0 0.432203908266 -0.249533042782 -0.866563928536 1.2322
11.9925333333 3.0 3.0 4.24 -0.432203908266 -0.249533042782 -0.866563928536 1.2322
11.9925333333 4.24 3.0 3.0 0.0 0.499066085564 -0.866563928536 1.2322
11.9925333333 4.24 3.0 3.0 0.0 0.499066085564 -0.866563928536 1.2322
16.6666666667 3.0 4.0 5.0 -0.311769145362 -0.46 -0.831384387633 1.2922
16.6666666667 3.0 5.0 4.0 0.311769145362 -0.46 -0.831384387633 1.2922
16.6666666667 4.0 5.0 3.0 0.554256258422 -0.04 -0.831384387633 1.2922
16.6666666667 4.0 3.0 5.0 -0.554256258422 -0.04 -0.831384387633 1.2922
16.6666666667 5.0 3.0 4.0 -0.24248711306 0.5 -0.831384387633 1.2922
16.6666666667 5.0 4.0 3.0 0.24248711306 0.5 -0.831384387633 1.2922
22.6629666667 3.0 5.0 5.83 -0.228996667164 -0.602876351875 -0.764264764841 1.347
22.6629666667 3.0 5.83 5.0 0.228996667164 -0.602876351875 -0.764264764841 1.347
22.6629666667 5.0 5.83 3.0 0.636604569647 0.103121244791 -0.764264764841 1.347
22.6629666667 5.0 3.0 5.83 -0.636604569647 0.103121244791 -0.764264764841 1.347
22.6629666667 5.83 3.0 5.0 -0.407607902483 0.499755107084 -0.764264764841 1.347
22.6629666667 5.83 5.0 3.0 0.407607902483 0.499755107084 -0.764264764841 1.347
30.0080333333 3.0 6.0 6.71 -0.173622393254 -0.700080311828 -0.692634695602 1.399
30.0080333333 3.0 6.71 6.0 0.173622393254 -0.700080311828 -0.692634695602 1.399
30.0080333333 6.0 6.71 3.0 0.693098531359 0.19967875269 -0.692634695602 1.399
30.0080333333 6.0 3.0 6.71 -0.693098531359 0.19967875269 -0.692634695602 1.399
30.0080333333 6.71 3.0 6.0 -0.519476138105 0.500401559138 -0.692634695602 1.399
30.0080333333 6.71 6.0 3.0 0.519476138105 0.500401559138 -0.692634695602 1.399
38.6881333333 3.0 7.0 7.62 -0.13526974111 -0.767370528775 -0.626773139746 1.4495
38.6881333333 3.0 7.62 7.0 0.13526974111 -0.767370528775 -0.626773139746 1.4495
38.6881333333 7.0 7.62 3.0 0.73219724259 0.266538232223 -0.626773139746 1.4495
38.6881333333 7.0 3.0 7.62 -0.73219724259 0.266538232223 -0.626773139746 1.4495
38.6881333333 7.62 3.0 7.0 -0.59692750148 0.500832296553 -0.626773139746 1.4495
38.6881333333 7.62 7.0 3.0 0.59692750148 0.500832296553 -0.626773139746 1.4495
48.6438666667 3.0 8.0 8.54 -0.106008465561 -0.814981813398 -0.569707687381 1.499
48.6438666667 3.0 8.54 8.0 0.106008465561 -0.814981813398 -0.569707687381 1.499
48.6438666667 8.0 8.54 3.0 0.758799186805 0.315684882507 -0.569707687381 1.499
48.6438666667 8.0 3.0 8.54 -0.758799186805 0.315684882507 -0.569707687381 1.499
48.6438666667 8.54 3.0 8.0 -0.652790721244 0.499296930891 -0.569707687381 1.499
48.6438666667 8.54 8.0 3.0 0.652790721244 0.499296930891 -0.569707687381 1.499
60.0200333333 3.0 9.0 9.49 -0.0871517538958 -0.850050066617 -0.51944148471 1.5478
60.0200333333 3.0 9.49 9.0 0.0871517538958 -0.850050066617 -0.51944148471 1.5478
60.0200333333 9.0 9.49 3.0 0.779740829127 0.34954940045 -0.51944148471 1.5478
60.0200333333 9.0 3.0 9.49 -0.779740829127 0.34954940045 -0.51944148471 1.5478
60.0200333333 9.49 3.0 9.0 -0.692589075231 0.500500666166 -0.51944148471 1.5478
60.0200333333 9.49 9.0 3.0 0.692589075231 0.500500666166 -0.51944148471 1.5478
72.6645333333 3.0 10.0 10.44 -0.0714579333657 -0.876143152827 -0.476725224332 1.596
72.6645333333 3.0 10.44 10.0 0.0714579333657 -0.876143152827 -0.476725224332 1.596
72.6645333333 10.0 10.44 3.0 0.794491194382 0.376187190817 -0.476725224332 1.596
72.6645333333 10.0 3.0 10.44 -0.794491194382 0.376187190817 -0.476725224332 1.596
72.6645333333 10.44 3.0 10.0 -0.723033261017 0.49995596201 -0.476725224332 1.596
72.6645333333 10.44 10.0 3.0 0.723033261017 0.49995596201 -0.476725224332 1.596
86.6533333333 3.0 11.0 11.4 -0.0596983198793 -0.896137867364 -0.439742007636 1.6412
86.6533333333 3.0 11.4 11.0 0.0596983198793 -0.896137867364 -0.439742007636 1.6412
86.6533333333 11.0 11.4 3.0 0.80592731837 0.396368672103 -0.439742007636 1.6412
86.6533333333 11.0 3.0 11.4 -0.80592731837 0.396368672103 -0.439742007636 1.6412
86.6533333333 11.4 3.0 11.0 -0.746228998491 0.499769195261 -0.439742007636 1.6412
86.6533333333 11.4 11.0 3.0 0.746228998491 0.499769195261 -0.439742007636 1.6412
21.3452 4.0 4.0 5.66 -0.433734890121 -0.250416955568 -0.865543409342 1.3487
21.3452 4.0 5.66 4.0 0.433734890121 -0.250416955568 -0.865543409342 1.3487
21.3452 4.0 5.66 4.0 0.433734890121 -0.250416955568 -0.865543409342 1.3487
21.3452 4.0 4.0 5.66 -0.433734890121 -0.250416955568 -0.865543409342 1.3487
21.3452 5.66 4.0 4.0 0.0 0.500833911137 -0.865543409342 1.3487
21.3452 5.66 4.0 4.0 0.0 0.500833911137 -0.865543409342 1.3487
27.32 4.0 5.0 6.4 -0.33728075755 -0.414348462665 -0.845314759172 1.401
27.32 4.0 6.4 5.0 0.33728075755 -0.414348462665 -0.845314759172 1.401
27.32 5.0 6.4 4.0 0.527476673462 -0.0849194729136 -0.845314759172 1.401
27.32 5.0 4.0 6.4 -0.527476673462 -0.0849194729136 -0.845314759172 1.401
27.32 6.4 4.0 5.0 -0.190195915912 0.499267935578 -0.845314759172 1.401
27.32 6.4 5.0 4.0 0.190195915912 0.499267935578 -0.845314759172 1.401
34.6613666667 4.0 6.0 7.21 -0.266245255893 -0.538390965542 -0.799530257049 1.4513
34.6613666667 4.0 7.21 6.0 0.266245255893 -0.538390965542 -0.799530257049 1.4513
34.6613666667 6.0 7.21 4.0 0.599382881274 0.0386203275308 -0.799530257049 1.4513
34.6613666667 6.0 4.0 7.21 -0.599382881274 0.0386203275308 -0.799530257049 1.4513
34.6613666667 7.21 4.0 6.0 -0.333137625381 0.499770638011 -0.799530257049 1.4513
34.6613666667 7.21 6.0 4.0 0.333137625381 0.499770638011 -0.799530257049 1.4513
43.3212 4.0 7.0 8.06 -0.212750079805 -0.630665817198 -0.746323006855 1.5005
43.3212 4.0 8.06 7.0 0.212750079805 -0.630665817198 -0.746323006855 1.5005
43.3212 7.0 8.06 4.0 0.652547658894 0.131085934831 -0.746323006855 1.5005
43.3212 7.0 4.0 8.06 -0.652547658894 0.131085934831 -0.746323006855 1.5005
43.3212 8.06 4.0 7.0 -0.43979757909 0.499579882367 -0.746323006855 1.5005
43.3212 8.06 7.0 4.0 0.43979757909 0.499579882367 -0.746323006855 1.5005
53.3078666667 4.0 8.0 8.94 -0.172460376326 -0.699856681565 -0.693150808891 1.5489
53.3078666667 4.0 8.94 8.0 0.172460376326 -0.699856681565 -0.693150808891 1.5489
53.3078666667 8.0 8.94 4.0 0.692323853407 0.200573273738 -0.693150808891 1.5489
53.3078666667 8.0 4.0 8.94 -0.692323853407 0.200573273738 -0.693150808891 1.5489
53.3078666667 8.94 4.0 8.0 -0.519863477081 0.499283407827 -0.693150808891 1.5489
53.3078666667 8.94 8.0 4.0 0.519863477081 0.499283407827 -0.693150808891 1.5489
64.6741666667 4.0 9.0 9.85 -0.143033844344 -0.752606012189 -0.642748403179 1.5972
64.6741666667 4.0 9.85 9.0 0.143033844344 -0.752606012189 -0.642748403179 1.5972
64.6741666667 9.0 9.85 4.0 0.723292847769 0.252432063292 -0.642748403179 1.5972
64.6741666667 9.0 4.0 9.85 -0.723292847769 0.252432063292 -0.642748403179 1.5972
64.6741666667 9.85 4.0 9.0 -0.580259003425 0.500173948898 -0.642748403179 1.5972
64.6741666667 9.85 9.0 4.0 0.580259003425 0.500173948898 -0.642748403179 1.5972
77.3309666667 4.0 10.0 10.77 -0.119402427231 -0.793097116334 -0.597277175551 1.6451
77.3309666667 4.0 10.77 10.0 0.119402427231 -0.793097116334 -0.597277175551 1.6451
77.3309666667 10.0 10.77 4.0 0.746543464029 0.293143022911 -0.597277175551 1.6451
77.3309666667 10.0 4.0 10.77 -0.746543464029 0.293143022911 -0.597277175551 1.6451
77.3309666667 10.77 4.0 10.0 -0.627141036798 0.499954093423 -0.597277175551 1.6451
77.3309666667 10.77 10.0 4.0 0.627141036798 0.499954093423 -0.597277175551 1.6451
91.2966666667 4.0 11.0 11.7 -0.100486645486 -0.824747161269 -0.556502070129 1.6896
91.2966666667 4.0 11.7 11.0 0.100486645486 -0.824747161269 -0.556502070129 1.6896
91.2966666667 11.0 11.7 4.0 0.764495316101 0.325349592902 -0.556502070129 1.6896
91.2966666667 11.0 4.0 11.7 -0.764495316101 0.325349592902 -0.556502070129 1.6896
91.2966666667 11.7 4.0 11.0 -0.664008670615 0.499397568367 -0.556502070129 1.6896
91.2966666667 11.7 11.0 4.0 0.664008670615 0.499397568367 -0.556502070129 1.6896
33.3283 5.0 5.0 7.07 -0.432816517514 -0.249886732897 -0.866156153871 1.4513
33.3283 5.0 7.07 5.0 0.432816517514 -0.249886732897 -0.866156153871 1.4513
33.3283 5.0 7.07 5.0 0.432816517514 -0.249886732897 -0.866156153871 1.4513
33.3283 5.0 5.0 7.07 -0.432816517514 -0.249886732897 -0.866156153871 1.4513
33.3283 7.07 5.0 5.0 -1.087791952e-16 0.499773465793 -0.866156153871 1.4513
33.3283 7.07 5.0 5.0 -1.087791952e-16 0.499773465793 -0.866156153871 1.4513
40.6653666667 5.0 6.0 7.81 -0.354884420003 -0.385226249036 -0.851855495664 1.5001
40.6653666667 5.0 7.81 6.0 0.354884420003 -0.385226249036 -0.851855495664 1.5001
40.6653666667 6.0 7.81 5.0 0.511057927871 -0.114725798612 -0.851855495664 1.5001
40.6653666667 6.0 5.0 7.81 -0.511057927871 -0.114725798612 -0.851855495664 1.5001
40.6653666667 7.81 5.0 6.0 -0.156173507868 0.499952047647 -0.851855495664 1.5001
40.6653666667 7.81 6.0 5.0 0.156173507868 0.499952047647 -0.851855495664 1.5001
49.32 5.0 7.0 8.6 -0.292186997546 -0.493106244931 -0.819434554846 1.5481
49.32 5.0 8.6 7.0 0.292186997546 -0.493106244931 -0.819434554846 1.5481
49.32 7.0 8.6 5.0 0.573136033648 -0.00648824006488 -0.819434554846 1.5481
49.32 7.0 5.0 8.6 -0.573136033648 -0.00648824006488 -0.819434554846 1.5481
49.32 8.6 5.0 7.0 -0.280949036102 0.499594484996 -0.819434554846 1.5481
49.32 8.6 7.0 5.0 0.280949036102 0.499594484996 -0.819434554846 1.5481
59.3083 5.0 8.0 9.43 -0.242637164183 -0.578473839243 -0.778778032477 1.5958
59.3083 5.0 9.43 8.0 0.242637164183 -0.578473839243 -0.778778032477 1.5958
59.3083 8.0 9.43 5.0 0.622291622301 0.0791069715369 -0.778778032477 1.5958
59.3083 8.0 5.0 9.43 -0.622291622301 0.0791069715369 -0.778778032477 1.5958
59.3083 9.43 5.0 8.0 -0.379654458118 0.499366867707 -0.778778032477 1.5958
59.3083 9.43 8.0 5.0 0.379654458118 0.499366867707 -0.778778032477 1.5958
70.6966666667 5.0 9.0 10.3 -0.204899593389 -0.646376538262 -0.734992195478 1.6433
70.6966666667 5.0 10.3 9.0 0.204899593389 -0.646376538262 -0.734992195478 1.6433
70.6966666667 9.0 10.3 5.0 0.66222829924 0.145740016031 -0.734992195478 1.6433
70.6966666667 9.0 5.0 10.3 -0.66222829924 0.145740016031 -0.734992195478 1.6433
70.6966666667 10.3 5.0 9.0 -0.457328705851 0.500636522231 -0.734992195478 1.6433
70.6966666667 10.3 9.0 5.0 0.457328705851 0.500636522231 -0.734992195478 1.6433
4.6755 2.24 2.83 1.0 0.865488247615 0.0731686450647 -0.495556699702 1.0049
4.6755 2.24 1.0 2.83 -0.865488247615 0.0731686450647 -0.495556699702 1.0049
4.6755 2.83 1.0 2.24 -0.496110029194 0.712950486579 -0.495556699702 1.0049
4.6755 2.83 2.24 1.0 0.496110029194 0.712950486579 -0.495556699702 1.0049
4.6755 1.0 2.24 2.83 -0.369378218421 -0.786119131644 -0.495556699702 1.0049
4.6755 1.0 2.83 2.24 0.369378218421 -0.786119131644 -0.495556699702 1.0049
7.3499 2.24 3.61 2.0 0.709490655158 -0.317324045225 -0.629228464522 1.1264
7.3499 2.24 2.0 3.61 -0.709490655158 -0.317324045225 -0.629228464522 1.1264
7.3499 3.61 2.0 2.24 -0.0799346431825 0.773098953727 -0.629228464522 1.1264
7.3499 3.61 2.24 2.0 0.0799346431825 0.773098953727 -0.629228464522 1.1264
7.3499 2.0 2.24 3.61 -0.629556011976 -0.455774908502 -0.629228464522 1.1264
7.3499 2.0 3.61 2.24 0.629556011976 -0.455774908502 -0.629228464522 1.1264
11.3328333333 2.24 4.47 3.0 0.559421054247 -0.557251055194 -0.613611722142 1.2051
11.3328333333 2.24 3.0 4.47 -0.559421054247 -0.557251055194 -0.613611722142 1.2051
11.3328333333 4.47 3.0 2.24 0.20288304296 0.763098371987 -0.613611722142 1.2051
11.3328333333 4.47 2.24 3.0 -0.20288304296 0.763098371987 -0.613611722142 1.2051
11.3328333333 3.0 2.24 4.47 -0.762304097207 -0.205847316793 -0.613611722142 1.2051
11.3328333333 3.0 4.47 2.24 0.762304097207 -0.205847316793 -0.613611722142 1.2051
16.6899 2.24 5.39 4.0 0.451508603916 -0.699363087856 -0.554104008229 1.2684
16.6899 2.24 4.0 5.39 -0.451508603916 -0.699363087856 -0.554104008229 1.2684
16.6899 5.39 4.0 2.24 0.379911898594 0.740699464946 -0.554104008229 1.2684
16.6899 5.39 2.24 4.0 -0.379911898594 0.740699464946 -0.554104008229 1.2684
16.6899 4.0 2.24 5.39 -0.83142050251 -0.0413363770903 -0.554104008229 1.2684
16.6899 4.0 5.39 2.24 0.83142050251 -0.0413363770903 -0.554104008229 1.2684
8.0059 3.16 3.61 1.0 0.867702091447 0.247280130903 -0.431214120083 1.0742
8.0059 3.16 1.0 3.61 -0.867702091447 0.247280130903 -0.431214120083 1.0742
8.0059 3.61 1.0 3.16 -0.648001920937 0.627811988658 -0.431214120083 1.0742
8.0059 3.61 3.16 1.0 0.648001920937 0.627811988658 -0.431214120083 1.0742
8.0059 1.0 3.16 3.61 -0.21970017051 -0.875092119562 -0.431214120083 1.0742
8.0059 1.0 3.61 3.16 0.21970017051 -0.875092119562 -0.431214120083 1.0742
10.6544 3.16 4.24 2.0 0.75743083821 -0.0627721880162 -0.649890896797 1.1881
10.6544 3.16 2.0 4.24 -0.75743083821 -0.0627721880162 -0.649890896797 1.1881
10.6544 4.24 2.0 3.16 -0.324353109632 0.687340441508 -0.649890896797 1.1881
10.6544 4.24 3.16 2.0 0.324353109632 0.687340441508 -0.649890896797 1.1881
10.6544 2.0 3.16 4.24 -0.433077728578 -0.624568253492 -0.649890896797 1.1881
10.6544 2.0 4.24 3.16 0.433077728578 -0.624568253492 -0.649890896797 1.1881
14.6618666667 3.16 5.0 3.0 0.630042853141 -0.318940744244 -0.708041527644 1.2621
14.6618666667 3.16 3.0 5.0 -0.630042853141 -0.318940744244 -0.708041527644 1.2621
14.6618666667 5.0 3.0 3.16 -0.0388106397535 0.705103488414 -0.708041527644 1.2621
14.6618666667 5.0 3.16 3.0 0.0388106397535 0.705103488414 -0.708041527644 1.2621
14.6618666667 3.0 3.16 5.0 -0.591232213387 -0.386162744171 -0.708041527644 1.2621
14.6618666667 3.0 5.0 3.16 0.591232213387 -0.386162744171 -0.708041527644 1.2621
19.9915 3.16 5.83 4.0 0.519515607004 -0.500507715779 -0.692528382469 1.3225
19.9915 3.16 4.0 5.83 -0.519515607004 -0.500507715779 -0.692528382469 1.3225
19.9915 5.83 4.0 3.16 0.173694593153 0.700167571218 -0.692528382469 1.3225
19.9915 5.83 3.16 4.0 -0.173694593153 0.700167571218 -0.692528382469 1.3225
19.9915 4.0 3.16 5.83 -0.693210200157 -0.199659855439 -0.692528382469 1.3225
19.9915 4.0 5.83 3.16 0.693210200157 -0.199659855439 -0.692528382469 1.3225
12.6517666667 4.12 4.47 1.0 0.866173714169 0.341662429226 -0.36470519785 1.1352
12.6517666667 4.12 1.0 4.47 -0.866173714169 0.341662429226 -0.36470519785 1.1352
12.6517666667 4.47 1.0 4.12 -0.728975200313 0.579297225947 -0.36470519785 1.1352
12.6517666667 4.47 4.12 1.0 0.728975200313 0.579297225947 -0.36470519785 1.1352
12.6517666667 1.0 4.12 4.47 -0.137198513856 -0.920959655173 -0.36470519785 1.1352
12.6517666667 1.0 4.47 4.12 0.137198513856 -0.920959655173 -0.36470519785 1.1352
15.3248 4.12 5.0 2.0 0.791159144196 0.107642514095 -0.602063366859 1.2443
15.3248 4.12 2.0 5.0 -0.791159144196 0.107642514095 -0.602063366859 1.2443
15.3248 5.0 2.0 4.12 -0.488800723832 0.631342660263 -0.602063366859 1.2443
15.3248 5.0 4.12 2.0 0.488800723832 0.631342660263 -0.602063366859 1.2443
15.3248 2.0 4.12 5.0 -0.302358420365 -0.738985174358 -0.602063366859 1.2443
15.3248 2.0 5.0 4.12 0.302358420365 -0.738985174358 -0.602063366859 1.2443
15.3269666667 4.47 5.0 1.0 0.904054061179 0.303643469354 -0.300810402056 1.1621
15.3269666667 4.47 1.0 5.0 -0.904054061179 0.303643469354 -0.300810402056 1.1621
15.3269666667 5.0 1.0 4.47 -0.714989988743 0.631112048698 -0.300810402056 1.1621
15.3269666667 5.0 4.47 1.0 0.714989988743 0.631112048698 -0.300810402056 1.1621
15.3269666667 1.0 4.47 5.0 -0.189064072436 -0.934755518052 -0.300810402056 1.1621
15.3269666667 1.0 5.0 4.47 0.189064072436 -0.934755518052 -0.300810402056 1.1621
19.3366666667 4.12 5.66 3.0 0.687792270002 -0.122165143941 -0.71555396088 1.3147
19.3366666667 4.12 3.0 5.66 -0.687792270002 -0.122165143941 -0.71555396088 1.3147
19.3366666667 5.66 3.0 4.12 -0.238098016892 0.656728150319 -0.71555396088 1.3147
19.3366666667 5.66 4.12 3.0 0.238098016892 0.656728150319 -0.71555396088 1.3147
19.3366666667 3.0 4.12 5.66 -0.449694253111 -0.534563006378 -0.71555396088 1.3147
19.3366666667 3.0 5.66 4.12 0.449694253111 -0.534563006378 -0.71555396088 1.3147
18.6721666667 4.47 5.66 2.0 0.866871075856 0.0700900627494 -0.493580713712 1.2738
18.6721666667 4.47 2.0 5.66 -0.866871075856 0.0700900627494 -0.493580713712 1.2738
18.6721666667 5.66 2.0 4.47 -0.494135312822 0.715687342122 -0.493580713712 1.2738
18.6721666667 5.66 4.47 2.0 0.494135312822 0.715687342122 -0.493580713712 1.2738
18.6721666667 2.0 4.47 5.66 -0.372735763034 -0.785777404872 -0.493580713712 1.2738
18.6721666667 2.0 5.66 4.47 0.372735763034 -0.785777404872 -0.493580713712 1.2738
24.6448 4.12 6.4 4.0 0.584734415332 -0.311238070506 -0.749143862682 1.3726
24.6448 4.12 4.0 6.4 -0.584734415332 -0.311238070506 -0.749143862682 1.3726
24.6448 6.4 4.0 4.12 -0.0228271319832 0.662013893397 -0.749143862682 1.3726
24.6448 6.4 4.12 4.0 0.0228271319832 0.662013893397 -0.749143862682 1.3726
24.6448 4.0 4.12 6.4 -0.561907283349 -0.350775822892 -0.749143862682 1.3726
24.6448 4.0 6.4 4.12 0.561907283349 -0.350775822892 -0.749143862682 1.3726
23.3136333333 4.47 6.4 3.0 0.791473141036 -0.142952121005 -0.594251594965 1.3457
23.3136333333 4.47 3.0 6.4 -0.791473141036 -0.142952121005 -0.594251594965 1.3457
23.3136333333 6.4 3.0 4.47 -0.271936402203 0.756911907053 -0.594251594965 1.3457
23.3136333333 6.4 4.47 3.0 0.271936402203 0.756911907053 -0.594251594965 1.3457
23.3136333333 3.0 4.47 6.4 -0.519536738833 -0.613959786048 -0.594251594965 1.3457
23.3136333333 3.0 6.4 4.47 0.519536738833 -0.613959786048 -0.594251594965 1.3457
18.6873666667 5.1 5.39 1.0 0.866675748126 0.391849395581 -0.308751030433 1.191
18.6873666667 5.1 1.0 5.39 -0.866675748126 0.391849395581 -0.308751030433 1.191
18.6873666667 5.39 1.0 5.1 -0.772689405094 0.55463851693 -0.308751030433 1.191
18.6873666667 5.39 5.1 1.0 0.772689405094 0.55463851693 -0.308751030433 1.191
18.6873666667 1.0 5.1 5.39 -0.0939863430322 -0.946487912511 -0.308751030433 1.191
18.6873666667 1.0 5.39 5.1 0.0939863430322 -0.946487912511 -0.308751030433 1.191
21.3329666667 5.1 5.83 2.0 0.811612363073 0.219239705682 -0.541497297831 1.2971
21.3329666667 5.1 2.0 5.83 -0.811612363073 0.219239705682 -0.541497297831 1.2971
21.3329666667 5.83 2.0 5.1 -0.595673336176 0.593257071606 -0.541497297831 1.2971
21.3329666667 5.83 5.1 2.0 0.595673336176 0.593257071606 -0.541497297831 1.2971
21.3329666667 2.0 5.1 5.83 -0.215939026898 -0.812496777288 -0.541497297831 1.2971
21.3329666667 2.0 5.83 5.1 0.215939026898 -0.812496777288 -0.541497297831 1.2971
21.347 5.39 5.83 1.0 0.892216718755 0.360945331897 -0.271418116852 1.2117
21.347 5.39 1.0 5.83 -0.892216718755 0.360945331897 -0.271418116852 1.2117
21.347 5.83 1.0 5.39 -0.758696186178 0.592209678175 -0.271418116852 1.2117
21.347 5.83 5.39 1.0 0.758696186178 0.592209678175 -0.271418116852 1.2117
21.347 1.0 5.39 5.83 -0.133520532578 -0.953155010072 -0.271418116852 1.2117
21.347 1.0 5.83 5.39 0.133520532578 -0.953155010072 -0.271418116852 1.2117
25.3233333333 5.1 6.4 3.0 0.728660574041 0.027115966829 -0.68433799557 1.3649
25.3233333333 5.1 3.0 6.4 -0.728660574041 0.027115966829 -0.68433799557 1.3649
25.3233333333 6.4 3.0 5.1 -0.387813403143 0.617480584441 -0.68433799557 1.3649
25.3233333333 6.4 5.1 3.0 0.387813403143 0.617480584441 -0.68433799557 1.3649
25.3233333333 3.0 5.1 6.4 -0.340847170898 -0.64459655127 -0.68433799557 1.3649
25.3233333333 3.0 6.4 5.1 0.340847170898 -0.64459655127 -0.68433799557 1.3649
24.6707 5.39 6.4 2.0 0.864947729462 0.177595285095 -0.469388261474 1.3206
24.6707 5.39 2.0 6.4 -0.864947729462 0.177595285095 -0.469388261474 1.3206
24.6707 6.4 2.0 5.39 -0.586275893216 0.660269064112 -0.469388261474 1.3206
24.6707 6.4 5.39 2.0 0.586275893216 0.660269064112 -0.469388261474 1.3206
24.6707 2.0 5.39 6.4 -0.278671836246 -0.837864349208 -0.469388261474 1.3206
24.6707 2.0 6.4 5.39 0.278671836246 -0.837864349208 -0.469388261474 1.3206
30.6649666667 5.1 7.07 4.0 0.639856921309 -0.151800806349 -0.753352265175 1.4207
30.6649666667 5.1 4.0 7.07 -0.639856921309 -0.151800806349 -0.753352265175 1.4207
30.6649666667 7.07 4.0 5.1 -0.188465106041 0.630032751816 -0.753352265175 1.4207
30.6649666667 7.07 5.1 4.0 0.188465106041 0.630032751816 -0.753352265175 1.4207
30.6649666667 4.0 5.1 7.07 -0.451391815268 -0.478231945467 -0.753352265175 1.4207
30.6649666667 4.0 7.07 5.1 0.451391815268 -0.478231945467 -0.753352265175 1.4207
29.3456666667 5.39 7.07 3.0 0.806341982838 -0.010003748424 -0.591364973371 1.3904
29.3456666667 5.39 3.0 7.07 -0.806341982838 -0.010003748424 -0.591364973371 1.3904
29.3456666667 7.07 3.0 5.39 -0.394507491151 0.703314515488 -0.591364973371 1.3904
29.3456666667 7.07 5.39 3.0 0.394507491151 0.703314515488 -0.591364973371 1.3904
29.3456666667 3.0 5.39 7.07 -0.411834491687 -0.693310767064 -0.591364973371 1.3904
29.3456666667 3.0 7.07 5.39 0.411834491687 -0.693310767064 -0.591364973371 1.3904
25.9696 6.08 6.32 1.0 0.865758622501 0.423448955702 -0.266745177053 1.2438
25.9696 6.08 1.0 6.32 -0.865758622501 0.423448955702 -0.266745177053 1.2438
25.9696 6.32 1.0 6.08 -0.799596864094 0.53804448278 -0.266745177053 1.2438
25.9696 6.32 6.08 1.0 0.799596864094 0.53804448278 -0.266745177053 1.2438
25.9696 1.0 6.08 6.32 -0.0661617584063 -0.961493438482 -0.266745177053 1.2438
25.9696 1.0 6.32 6.08 0.0661617584063 -0.961493438482 -0.266745177053 1.2438
28.6635 6.08 6.71 2.0 0.826321809209 0.289668044726 -0.482995539824 1.3479
28.6635 6.08 2.0 6.71 -0.826321809209 0.289668044726 -0.482995539824 1.3479
28.6635 6.71 2.0 6.08 -0.664020790002 0.570781656113 -0.482995539824 1.3479
28.6635 6.71 6.08 2.0 0.664020790002 0.570781656113 -0.482995539824 1.3479
28.6635 2.0 6.08 6.71 -0.162301019207 -0.860449700839 -0.482995539824 1.3479
28.6635 2.0 6.71 6.08 0.162301019207 -0.860449700839 -0.482995539824 1.3479
28.6555 6.32 6.71 1.0 0.886996422531 0.393882500742 -0.241026807694 1.2604
28.6555 6.32 1.0 6.71 -0.886996422531 0.393882500742 -0.241026807694 1.2604
28.6555 6.71 1.0 6.32 -0.784610463014 0.571220184607 -0.241026807694 1.2604
28.6555 6.71 6.32 1.0 0.784610463014 0.571220184607 -0.241026807694 1.2604
28.6555 1.0 6.32 6.71 -0.102385959517 -0.965102685348 -0.241026807694 1.2604
28.6555 1.0 6.71 6.32 0.102385959517 -0.965102685348 -0.241026807694 1.2604
32.6501666667 6.08 7.21 3.0 0.760084380556 0.13219636449 -0.636235691903 1.4139
32.6501666667 6.08 3.0 7.21 -0.760084380556 0.13219636449 -0.636235691903 1.4139
32.6501666667 7.21 3.0 6.08 -0.494527600214 0.592154200336 -0.636235691903 1.4139
32.6501666667 7.21 6.08 3.0 0.494527600214 0.592154200336 -0.636235691903 1.4139
32.6501666667 3.0 6.08 7.21 -0.265556780341 -0.724350564826 -0.636235691903 1.4139
32.6501666667 3.0 7.21 6.08 0.265556780341 -0.724350564826 -0.636235691903 1.4139
31.9755 6.32 7.21 2.0 0.866401871803 0.249156385358 -0.432745759277 1.3674
31.9755 6.32 2.0 7.21 -0.866401871803 0.249156385358 -0.432745759277 1.3674
31.9755 7.21 2.0 6.32 -0.648976695136 0.625747838189 -0.432745759277 1.3674
31.9755 7.21 6.32 2.0 0.648976695136 0.625747838189 -0.432745759277 1.3674
31.9755 2.0 6.32 7.21 -0.217425176667 -0.874904223546 -0.432745759277 1.3674
31.9755 2.0 7.21 6.32 0.217425176667 -0.874904223546 -0.432745759277 1.3674
2.66856666667 1.41 2.24 1.0 0.869216598734 -0.254993317261 -0.423604665504 0.9243
2.66856666667 1.41 1.0 2.24 -0.869216598734 -0.254993317261 -0.423604665504 0.9243
2.66856666667 2.24 1.0 1.41 -0.213777608824 0.880260314526 -0.423604665504 0.9243
2.66856666667 2.24 1.41 1.0 0.213777608824 0.880260314526 -0.423604665504 0.9243
2.66856666667 1.0 1.41 2.24 -0.655438989911 -0.625266997264 -0.423604665504 0.9243
2.66856666667 1.0 2.24 1.41 0.655438989911 -0.625266997264 -0.423604665504 0.9243
5.32456666667 1.41 3.16 2.0 0.649027045317 -0.62661750252 -0.431409781974 1.057
5.32456666667 1.41 2.0 3.16 -0.649027045317 -0.62661750252 -0.431409781974 1.057
5.32456666667 3.16 2.0 1.41 0.218153152979 0.875382660248 -0.431409781974 1.057
5.32456666667 3.16 1.41 2.0 -0.218153152979 0.875382660248 -0.431409781974 1.057
5.32456666667 2.0 1.41 3.16 -0.867180198297 -0.248765157728 -0.431409781974 1.057
5.32456666667 2.0 3.16 1.41 0.867180198297 -0.248765157728 -0.431409781974 1.057
5.3344 2.24 3.16 1.0 0.972525228485 -0.0593881223755 -0.225094937484 1.0169
5.3344 2.24 1.0 3.16 -0.972525228485 -0.0593881223755 -0.225094937484 1.0169
5.3344 3.16 1.0 2.24 -0.434830991582 0.871925614877 -0.225094937484 1.0169
5.3344 3.16 2.24 1.0 0.434830991582 0.871925614877 -0.225094937484 1.0169
5.3344 1.0 2.24 3.16 -0.537694236903 -0.812537492501 -0.225094937484 1.0169
5.3344 1.0 3.16 2.24 0.537694236903 -0.812537492501 -0.225094937484 1.0169
9.32083333333 1.41 4.12 3.0 0.493949609651 -0.786703620921 -0.370285289953 1.141
9.32083333333 1.41 3.0 4.12 -0.493949609651 -0.786703620921 -0.370285289953 1.141
9.32083333333 4.12 3.0 1.41 0.434330516141 0.821124720608 -0.370285289953 1.141
9.32083333333 4.12 1.41 3.0 -0.434330516141 0.821124720608 -0.370285289953 1.141
9.32083333333 3.0 1.41 4.12 -0.928280125792 -0.0344210996871 -0.370285289953 1.141
9.32083333333 3.0 4.12 1.41 0.928280125792 -0.0344210996871 -0.370285289953 1.141
8.664 2.24 4.12 2.0 0.864586026382 -0.420867959372 -0.274519878622 1.1425
8.664 2.24 2.0 4.12 -0.864586026382 -0.420867959372 -0.274519878622 1.1425
8.664 4.12 2.0 2.24 -0.0678106687358 0.95918744229 -0.274519878622 1.1425
8.664 4.12 2.24 2.0 0.0678106687358 0.95918744229 -0.274519878622 1.1425
8.664 2.0 2.24 4.12 -0.796775357646 -0.538319482918 -0.274519878622 1.1425
8.664 2.0 4.12 2.24 0.796775357646 -0.538319482918 -0.274519878622 1.1425
9.32 3.16 4.12 1.0 0.989573405595 0.0714163090129 -0.125076719443 1.0904
9.32 3.16 1.0 4.12 -0.989573405595 0.0714163090129 -0.125076719443 1.0904
9.32 4.12 1.0 3.16 -0.556635040647 0.821287553648 -0.125076719443 1.0904
9.32 4.12 3.16 1.0 0.556635040647 0.821287553648 -0.125076719443 1.0904
9.32 1.0 3.16 4.12 -0.432938364948 -0.892703862661 -0.125076719443 1.0904
9.32 1.0 4.12 3.16 0.432938364948 -0.892703862661 -0.125076719443 1.0904
14.6660333333 1.41 5.1 4.0 0.394058574888 -0.864441873626 -0.312182777678 1.2068
14.6660333333 1.41 4.0 5.1 -0.394058574888 -0.864441873626 -0.312182777678 1.2068
14.6660333333 5.1 4.0 1.41 0.551599335212 0.773485673245 -0.312182777678 1.2068
14.6660333333 5.1 1.41 4.0 -0.551599335212 0.773485673245 -0.312182777678 1.2068
14.6660333333 4.0 1.41 5.1 -0.945657910099 0.0909562003814 -0.312182777678 1.2068
14.6660333333 4.0 5.1 1.41 0.945657910099 0.0909562003814 -0.312182777678 1.2068
13.3425333333 2.24 5.1 3.0 0.736046733672 -0.623939481758 -0.262554240023 1.2226
13.3425333333 2.24 3.0 5.1 -0.736046733672 -0.623939481758 -0.262554240023 1.2226
13.3425333333 5.1 3.0 2.24 0.17232407479 0.949404910612 -0.262554240023 1.2226
13.3425333333 5.1 2.24 3.0 -0.17232407479 0.949404910612 -0.262554240023 1.2226
13.3425333333 3.0 2.24 5.1 -0.908370808462 -0.325465428854 -0.262554240023 1.2226
13.3425333333 3.0 5.1 2.24 0.908370808462 -0.325465428854 -0.262554240023 1.2226
13.3318666667 3.16 5.1 2.0 0.953165805103 -0.250997609737 -0.168745808505 1.2122
13.3318666667 3.16 2.0 5.1 -0.953165805103 -0.250997609737 -0.168745808505 1.2122
13.3318666667 5.1 2.0 3.16 -0.25921259623 0.950964606107 -0.168745808505 1.2122
13.3318666667 5.1 3.16 2.0 0.25921259623 0.950964606107 -0.168745808505 1.2122
13.3318666667 2.0 3.16 5.1 -0.693953208873 -0.69996699637 -0.168745808505 1.2122
13.3318666667 2.0 5.1 3.16 0.693953208873 -0.69996699637 -0.168745808505 1.2122
14.6614666667 4.12 5.1 1.0 0.984862603498 0.157755931648 -0.0718242177879 1.1529
14.6614666667 4.12 1.0 5.1 -0.984862603498 0.157755931648 -0.0718242177879 1.1529
14.6614666667 5.1 1.0 4.12 -0.629051946154 0.774038068042 -0.0718242177879 1.1529
14.6614666667 5.1 4.12 1.0 0.629051946154 0.774038068042 -0.0718242177879 1.1529
14.6614666667 1.0 4.12 5.1 -0.355810657344 -0.931793999691 -0.0718242177879 1.1529
14.6614666667 1.0 5.1 4.12 0.355810657344 -0.931793999691 -0.0718242177879 1.1529
7.347 2.83 3.61 1.0 0.945520099893 0.0900911936845 -0.31285031168 1.0618
7.347 2.83 1.0 3.61 -0.945520099893 0.0900911936845 -0.31285031168 1.0618
7.347 3.61 1.0 2.83 -0.550781312335 0.773798829454 -0.31285031168 1.0618
7.347 3.61 2.83 1.0 0.550781312335 0.773798829454 -0.31285031168 1.0618
7.347 1.0 2.83 3.61 -0.394738787559 -0.863890023139 -0.31285031168 1.0618
7.347 1.0 3.61 2.83 0.394738787559 -0.863890023139 -0.31285031168 1.0618
10.6632666667 2.83 4.47 2.0 0.865267389939 -0.248926220233 -0.435141449173 1.1821
10.6632666667 2.83 2.0 4.47 -0.865267389939 -0.248926220233 -0.435141449173 1.1821
10.6632666667 4.47 2.0 2.83 -0.21705726458 0.87380665087 -0.435141449173 1.1821
10.6632666667 4.47 2.83 2.0 0.21705726458 0.87380665087 -0.435141449173 1.1821
10.6632666667 2.0 2.83 4.47 -0.648210125359 -0.624880430637 -0.435141449173 1.1821
10.6632666667 2.0 4.47 2.83 0.648210125359 -0.624880430637 -0.435141449173 1.1821
11.3376666667 3.61 4.47 1.0 0.966568170211 0.14945168024 -0.208351068172 1.1184
11.3376666667 3.61 1.0 4.47 -0.966568170211 0.14945168024 -0.208351068172 1.1184
11.3376666667 4.47 1.0 3.61 -0.612713036831 0.762346749772 -0.208351068172 1.1184
11.3376666667 4.47 3.61 1.0 0.612713036831 0.762346749772 -0.208351068172 1.1184
11.3376666667 1.0 3.61 4.47 -0.353855133379 -0.911798430012 -0.208351068172 1.1184
11.3376666667 1.0 4.47 3.61 0.353855133379 -0.911798430012 -0.208351068172 1.1184
15.3536666667 2.83 5.39 3.0 0.754027398416 -0.478372158659 -0.450114163582 1.2596
15.3536666667 2.83 3.0 5.39 -0.754027398416 -0.478372158659 -0.450114163582 1.2596
15.3536666667 5.39 3.0 2.83 0.0372687426539 0.892192961508 -0.450114163582 1.2596
15.3536666667 5.39 2.83 3.0 -0.0372687426539 0.892192961508 -0.450114163582 1.2596
15.3536666667 3.0 2.83 5.39 -0.79129614107 -0.413820802848 -0.450114163582 1.2596
15.3536666667 3.0 5.39 2.83 0.79129614107 -0.413820802848 -0.450114163582 1.2596
15.3614 3.61 5.39 2.0 0.941570213572 -0.151633314672 -0.300753837541 1.2374
15.3614 3.61 2.0 5.39 -0.941570213572 -0.151633314672 -0.300753837541 1.2374
15.3614 5.39 2.0 3.61 -0.33946680422 0.891240381736 -0.300753837541 1.2374
15.3614 5.39 3.61 2.0 0.33946680422 0.891240381736 -0.300753837541 1.2374
15.3614 2.0 3.61 5.39 -0.602103409352 -0.739607067064 -0.300753837541 1.2374
15.3614 2.0 5.39 3.61 0.602103409352 -0.739607067064 -0.300753837541 1.2374
16.6776666667 4.47 5.39 1.0 0.971112315052 0.198063278236 -0.13308572188 1.1725
16.6776666667 4.47 1.0 5.39 -0.971112315052 0.198063278236 -0.13308572188 1.1725
16.6776666667 5.39 1.0 4.47 -0.657083988036 0.741976295645 -0.13308572188 1.1725
16.6776666667 5.39 4.47 1.0 0.657083988036 0.741976295645 -0.13308572188 1.1725
16.6776666667 1.0 4.47 5.39 -0.314028327017 -0.940039573881 -0.13308572188 1.1725
16.6776666667 1.0 5.39 4.47 0.314028327017 -0.940039573881 -0.13308572188 1.1725
10.6699 3.61 4.24 1.0 0.918661086814 0.221389141417 -0.327182908534 1.1117
10.6699 3.61 1.0 4.24 -0.918661086814 0.221389141417 -0.327182908534 1.1117
10.6699 4.24 1.0 3.61 -0.651059163996 0.684889267941 -0.327182908534 1.1117
10.6699 4.24 3.61 1.0 0.651059163996 0.684889267941 -0.327182908534 1.1117
10.6699 1.0 3.61 4.24 -0.267601922818 -0.906278409357 -0.327182908534 1.1117
10.6699 1.0 4.24 3.61 0.267601922818 -0.906278409357 -0.327182908534 1.1117
14.0107 3.61 5.0 2.0 0.865364018427 -0.0698466172283 -0.496252522082 1.2272
14.0107 3.61 2.0 5.0 -0.865364018427 -0.0698466172283 -0.496252522082 1.2272
14.0107 5.0 2.0 3.61 -0.372193064326 0.784350532093 -0.496252522082 1.2272
14.0107 5.0 3.61 2.0 0.372193064326 0.784350532093 -0.496252522082 1.2272
14.0107 2.0 3.61 5.0 -0.493170954102 -0.714503914865 -0.496252522082 1.2272
14.0107 2.0 5.0 3.61 0.493170954102 -0.714503914865 -0.496252522082 1.2272
14.6592 4.24 5.0 1.0 0.945236197102 0.226369788256 -0.235128157935 1.1551
14.6592 4.24 1.0 5.0 -0.945236197102 0.226369788256 -0.235128157935 1.1551
14.6592 5.0 1.0 4.24 -0.66866008583 0.705413665139 -0.235128157935 1.1551
14.6592 5.0 4.24 1.0 0.66866008583 0.705413665139 -0.235128157935 1.1551
14.6592 1.0 4.24 5.0 -0.276576111272 -0.931783453394 -0.235128157935 1.1551
14.6592 1.0 5.0 4.24 0.276576111272 -0.931783453394 -0.235128157935 1.1551
18.6736666667 3.61 5.83 3.0 0.77260392398 -0.302113493154 -0.558400048268 1.3017
18.6736666667 3.61 3.0 5.83 -0.77260392398 -0.302113493154 -0.558400048268 1.3017
18.6736666667 5.83 3.0 3.61 -0.124664002092 0.820151371807 -0.558400048268 1.3017
18.6736666667 5.83 3.61 3.0 0.124664002092 0.820151371807 -0.558400048268 1.3017
18.6736666667 3.0 3.61 5.83 -0.647939921887 -0.518037878653 -0.558400048268 1.3017
18.6736666667 3.0 5.83 3.61 0.647939921887 -0.518037878653 -0.558400048268 1.3017
18.6555 4.24 5.83 2.0 0.928096244416 -0.0363378092252 -0.370562983475 1.2711
18.6555 4.24 2.0 5.83 -0.928096244416 -0.0363378092252 -0.370562983475 1.2711
18.6555 5.83 2.0 4.24 -0.432578656301 0.821923829434 -0.370562983475 1.2711
18.6555 5.83 4.24 2.0 0.432578656301 0.821923829434 -0.370562983475 1.2711
18.6555 2.0 4.24 5.83 -0.495517588115 -0.785586020209 -0.370562983475 1.2711
18.6555 2.0 5.83 4.24 0.495517588115 -0.785586020209 -0.370562983475 1.2711
19.9963 5.0 5.83 1.0 0.952483724252 0.250231292789 -0.173663626425 1.2007
19.9963 5.0 1.0 5.83 -0.952483724252 0.250231292789 -0.173663626425 1.2007
19.9963 5.83 1.0 5.0 -0.692948518503 0.699759455499 -0.173663626425 1.2007
19.9963 5.83 5.0 1.0 0.692948518503 0.699759455499 -0.173663626425 1.2007
19.9963 1.0 5.0 5.83 -0.259535205749 -0.949990748288 -0.173663626425 1.2007
19.9963 1.0 5.83 5.0 0.259535205749 -0.949990748288 -0.173663626425 1.2007
19.3452 5.0 5.66 1.0 0.926245891201 0.292310237165 -0.237956454592 1.1962
19.3452 5.0 1.0 5.66 -0.926245891201 0.292310237165 -0.237956454592 1.1962
19.3452 5.66 1.0 5.0 -0.716271036771 0.655997353349 -0.237956454592 1.1962
19.3452 5.66 5.0 1.0 0.716271036771 0.655997353349 -0.237956454592 1.1962
19.3452 1.0 5.0 5.66 -0.20997485443 -0.948307590513 -0.237956454592 1.1962
19.3452 1.0 5.66 5.0 0.20997485443 -0.948307590513 -0.237956454592 1.1962
23.32 5.0 6.4 2.0 0.915045709659 0.0720411663808 -0.39686448516 1.3094
23.32 5.0 2.0 6.4 -0.915045709659 0.0720411663808 -0.39686448516 1.3094
23.32 6.4 2.0 5.0 -0.519912335034 0.756432246998 -0.39686448516 1.3094
23.32 6.4 5.0 2.0 0.519912335034 0.756432246998 -0.39686448516 1.3094
23.32 2.0 5.0 6.4 -0.395133374625 -0.828473413379 -0.39686448516 1.3094
23.32 2.0 6.4 5.0 0.395133374625 -0.828473413379 -0.39686448516 1.3094
24.6652 5.66 6.4 1.0 0.935363052269 0.298817767543 -0.189219191023 1.2346
24.6652 5.66 1.0 6.4 -0.935363052269 0.298817767543 -0.189219191023 1.2346
24.6652 6.4 1.0 5.66 -0.726465303929 0.660639281255 -0.189219191023 1.2346
24.6652 6.4 5.66 1.0 0.726465303929 0.660639281255 -0.189219191023 1.2346
24.6652 1.0 5.66 6.4 -0.20889774834 -0.959457048797 -0.189219191023 1.2346
24.6652 1.0 6.4 5.66 0.20889774834 -0.959457048797 -0.189219191023 1.2346
25.3163 5.83 6.4 1.0 0.911306816431 0.342569806804 -0.228398366439 1.2394
25.3163 5.83 1.0 6.4 -0.911306816431 0.342569806804 -0.228398366439 1.2394
25.3163 6.4 1.0 5.83 -0.752327563478 0.617929950269 -0.228398366439 1.2394
25.3163 6.4 5.83 1.0 0.752327563478 0.617929950269 -0.228398366439 1.2394
25.3163 1.0 5.83 6.4 -0.158979252954 -0.960499757074 -0.228398366439 1.2394
25.3163 1.0 6.4 5.83 0.158979252954 -0.960499757074 -0.228398366439 1.2394
29.3246 5.83 7.07 2.0 0.905362541813 0.159057583053 -0.393724971464 1.3503
29.3246 5.83 2.0 7.07 -0.905362541813 0.159057583053 -0.393724971464 1.3503
29.3246 7.07 2.0 5.83 -0.590429178495 0.704538169319 -0.393724971464 1.3503
29.3246 7.07 5.83 2.0 0.590429178495 0.704538169319 -0.393724971464 1.3503
29.3246 2.0 5.83 7.07 -0.314933363318 -0.863595752372 -0.393724971464 1.3503
29.3246 2.0 7.07 5.83 0.314933363318 -0.863595752372 -0.393724971464 1.3503
30.6483 6.4 7.07 1.0 0.922773700376 0.336452592803 -0.187851938215 1.2721
30.6483 6.4 1.0 7.07 -0.922773700376 0.336452592803 -0.187851938215 1.2721
30.6483 7.07 1.0 6.4 -0.752763342724 0.630919170068 -0.187851938215 1.2721
30.6483 7.07 6.4 1.0 0.752763342724 0.630919170068 -0.187851938215 1.2721
30.6483 1.0 6.4 7.07 -0.170010357651 -0.967371762871 -0.187851938215 1.2721
30.6483 1.0 7.07 6.4 0.170010357651 -0.967371762871 -0.187851938215 1.2721
2.0 1.0 2.0 1.0 0.866025403784 -0.5 -0.0 0.8478
2.0 1.0 1.0 2.0 -0.866025403784 -0.5 0.0 0.8478
2.0 2.0 1.0 1.0 0.0 1.0 -0.0 0.8478
2.0 2.0 1.0 1.0 0.0 1.0 -0.0 0.8478
2.0 1.0 1.0 2.0 -0.866025403784 -0.5 0.0 0.8478
2.0 1.0 2.0 1.0 0.866025403784 -0.5 -0.0 0.8478
4.66666666667 1.0 3.0 2.0 0.618589574132 -0.785714285714 -0.0 0.9914
4.66666666667 1.0 2.0 3.0 -0.618589574132 -0.785714285714 0.0 0.9914
4.66666666667 3.0 2.0 1.0 0.371153744479 0.928571428571 -0.0 0.9914
4.66666666667 3.0 1.0 2.0 -0.371153744479 0.928571428571 0.0 0.9914
4.66666666667 2.0 1.0 3.0 -0.989743318611 -0.142857142857 0.0 0.9914
4.66666666667 2.0 3.0 1.0 0.989743318611 -0.142857142857 -0.0 0.9914
8.66666666667 1.0 4.0 3.0 0.466321371269 -0.884615384615 -0.0 1.0786
8.66666666667 1.0 3.0 4.0 -0.466321371269 -0.884615384615 0.0 1.0786
8.66666666667 4.0 3.0 1.0 0.532938710021 0.846153846154 -0.0 1.0786
8.66666666667 4.0 1.0 3.0 -0.532938710021 0.846153846154 0.0 1.0786
8.66666666667 3.0 1.0 4.0 -0.99926008129 0.0384615384615 0.0 1.0786
8.66666666667 3.0 4.0 1.0 0.99926008129 0.0384615384615 -0.0 1.0786
8.0 2.0 4.0 2.0 0.866025403784 -0.5 -0.0 1.1203
8.0 2.0 2.0 4.0 -0.866025403784 -0.5 0.0 1.1203
8.0 4.0 2.0 2.0 0.0 1.0 -0.0 1.1203
8.0 4.0 2.0 2.0 0.0 1.0 -0.0 1.1203
8.0 2.0 2.0 4.0 -0.866025403784 -0.5 0.0 1.1203
8.0 2.0 4.0 2.0 0.866025403784 -0.5 -0.0 1.1203
14.0 1.0 5.0 4.0 0.371153744479 -0.928571428571 -0.0 1.1457
14.0 1.0 4.0 5.0 -0.371153744479 -0.928571428571 0.0 1.1457
14.0 5.0 4.0 1.0 0.618589574132 0.785714285714 -0.0 1.1457
14.0 5.0 1.0 4.0 -0.618589574132 0.785714285714 0.0 1.1457
14.0 4.0 1.0 5.0 -0.989743318611 0.142857142857 0.0 1.1457
14.0 4.0 5.0 1.0 0.989743318611 0.142857142857 -0.0 1.1457
12.6666666667 2.0 5.0 3.0 0.729284550555 -0.684210526316 -0.0 1.2017
12.6666666667 2.0 3.0 5.0 -0.729284550555 -0.684210526316 0.0 1.2017
12.6666666667 5.0 3.0 2.0 0.227901422049 0.973684210526 -0.0 1.2017
12.6666666667 5.0 2.0 3.0 -0.227901422049 0.973684210526 0.0 1.2017
12.6666666667 3.0 2.0 5.0 -0.957185972604 -0.289473684211 0.0 1.2017
12.6666666667 3.0 5.0 2.0 0.957185972604 -0.289473684211 -0.0 1.2017
20.6666666667 1.0 6.0 5.0 0.307299336827 -0.951612903226 -0.0 1.2044
20.6666666667 1.0 5.0 6.0 -0.307299336827 -0.951612903226 0.0 1.2044
20.6666666667 6.0 5.0 1.0 0.670471280349 0.741935483871 -0.0 1.2044
20.6666666667 6.0 1.0 5.0 -0.670471280349 0.741935483871 0.0 1.2044
20.6666666667 5.0 1.0 6.0 -0.977770617176 0.209677419355 0.0 1.2044
20.6666666667 5.0 6.0 1.0 0.977770617176 0.209677419355 -0.0 1.2044
18.6666666667 2.0 6.0 4.0 0.618589574132 -0.785714285714 -0.0 1.2661
18.6666666667 2.0 4.0 6.0 -0.618589574132 -0.785714285714 0.0 1.2661
18.6666666667 6.0 4.0 2.0 0.371153744479 0.928571428571 -0.0 1.2661
18.6666666667 6.0 2.0 4.0 -0.371153744479 0.928571428571 0.0 1.2661
18.6666666667 4.0 2.0 6.0 -0.989743318611 -0.142857142857 0.0 1.2661
18.6666666667 4.0 6.0 2.0 0.989743318611 -0.142857142857 -0.0 1.2661
18.0 3.0 6.0 3.0 0.866025403784 -0.5 -0.0 1.2803
18.0 3.0 3.0 6.0 -0.866025403784 -0.5 0.0 1.2803
18.0 6.0 3.0 3.0 0.0 1.0 -0.0 1.2803
18.0 6.0 3.0 3.0 0.0 1.0 -0.0 1.2803
18.0 3.0 3.0 6.0 -0.866025403784 -0.5 0.0 1.2803
18.0 3.0 6.0 3.0 0.866025403784 -0.5 -0.0 1.2803
28.6666666667 1.0 7.0 6.0 0.261821633702 -0.96511627907 -0.0 1.2588
28.6666666667 1.0 6.0 7.0 -0.261821633702 -0.96511627907 0.0 1.2588
28.6666666667 7.0 6.0 1.0 0.704904398429 0.709302325581 -0.0 1.2588
28.6666666667 7.0 1.0 6.0 -0.704904398429 0.709302325581 0.0 1.2588
28.6666666667 6.0 1.0 7.0 -0.966726032131 0.255813953488 0.0 1.2588
28.6666666667 6.0 7.0 1.0 0.966726032131 0.255813953488 -0.0 1.2588
26.0 2.0 7.0 5.0 0.532938710021 -0.846153846154 -0.0 1.3233
26.0 2.0 5.0 7.0 -0.532938710021 -0.846153846154 0.0 1.3233
26.0 7.0 5.0 2.0 0.466321371269 0.884615384615 -0.0 1.3233
26.0 7.0 2.0 5.0 -0.466321371269 0.884615384615 0.0 1.3233
26.0 5.0 2.0 7.0 -0.99926008129 -0.0384615384615 0.0 1.3233
26.0 5.0 7.0 2.0 0.99926008129 -0.0384615384615 -0.0 1.3233
24.6666666667 3.0 7.0 4.0 0.772401035808 -0.635135135135 -0.0 1.3434
24.6666666667 3.0 4.0 7.0 -0.772401035808 -0.635135135135 0.0 1.3434
24.6666666667 7.0 4.0 3.0 0.163842643959 0.986486486486 -0.0 1.3434
24.6666666667 7.0 3.0 4.0 -0.163842643959 0.986486486486 0.0 1.3434
24.6666666667 4.0 3.0 7.0 -0.936243679767 -0.351351351351 0.0 1.3434
24.6666666667 4.0 7.0 3.0 0.936243679767 -0.351351351351 -0.0 1.3434
38.0 1.0 8.0 7.0 0.227901422049 -0.973684210526 -0.0 1.3108
38.0 1.0 7.0 8.0 -0.227901422049 -0.973684210526 0.0 1.3108
38.0 8.0 7.0 1.0 0.729284550555 0.684210526316 -0.0 1.3108
38.0 8.0 1.0 7.0 -0.729284550555 0.684210526316 0.0 1.3108
38.0 7.0 1.0 8.0 -0.957185972604 0.289473684211 0.0 1.3108
38.0 7.0 8.0 1.0 0.957185972604 0.289473684211 -0.0 1.3108
34.6666666667 2.0 8.0 6.0 0.466321371269 -0.884615384615 -0.0 1.3769
34.6666666667 2.0 6.0 8.0 -0.466321371269 -0.884615384615 0.0 1.3769
34.6666666667 8.0 6.0 2.0 0.532938710021 0.846153846154 -0.0 1.3769
34.6666666667 8.0 2.0 6.0 -0.532938710021 0.846153846154 0.0 1.3769
34.6666666667 6.0 2.0 8.0 -0.99926008129 0.0384615384615 0.0 1.3769
34.6666666667 6.0 8.0 2.0 0.99926008129 0.0384615384615 -0.0 1.3769
32.6666666667 3.0 8.0 5.0 0.689285525461 -0.724489795918 -0.0 1.3998
32.6666666667 3.0 5.0 8.0 -0.689285525461 -0.724489795918 0.0 1.3998
32.6666666667 8.0 5.0 3.0 0.282783805317 0.959183673469 -0.0 1.3998
32.6666666667 8.0 3.0 5.0 -0.282783805317 0.959183673469 0.0 1.3998
32.6666666667 5.0 3.0 8.0 -0.972069330778 -0.234693877551 0.0 1.3998
32.6666666667 5.0 8.0 3.0 0.972069330778 -0.234693877551 -0.0 1.3998
32.0 4.0 8.0 4.0 0.866025403784 -0.5 -0.0 1.4055
32.0 4.0 4.0 8.0 -0.866025403784 -0.5 0.0 1.4055
32.0 8.0 4.0 4.0 0.0 1.0 -0.0 1.4055
32.0 8.0 4.0 4.0 0.0 1.0 -0.0 1.4055
32.0 4.0 4.0 8.0 -0.866025403784 -0.5 0.0 1.4055
32.0 4.0 8.0 4.0 0.866025403784 -0.5 -0.0 1.4055
48.6666666667 1.0 9.0 8.0 0.201677148827 -0.979452054795 -0.0 1.3612
48.6666666667 1.0 8.0 9.0 -0.201677148827 -0.979452054795 0.0 1.3612
48.6666666667 9.0 8.0 1.0 0.747391786828 0.664383561644 -0.0 1.3612
48.6666666667 9.0 1.0 8.0 -0.747391786828 0.664383561644 0.0 1.3612
48.6666666667 8.0 1.0 9.0 -0.949068935654 0.315068493151 0.0 1.3612
48.6666666667 8.0 9.0 1.0 0.949068935654 0.315068493151 -0.0 1.3612
44.6666666667 2.0 9.0 7.0 0.413624073449 -0.910447761194 -0.0 1.4283
44.6666666667 2.0 7.0 9.0 -0.413624073449 -0.910447761194 0.0 1.4283
44.6666666667 9.0 7.0 2.0 0.581658853288 0.813432835821 -0.0 1.4283
44.6666666667 9.0 2.0 7.0 -0.581658853288 0.813432835821 0.0 1.4283
44.6666666667 7.0 2.0 9.0 -0.995282926737 0.0970149253731 0.0 1.4283
44.6666666667 7.0 9.0 2.0 0.995282926737 0.0970149253731 -0.0 1.4283
42.0 3.0 9.0 6.0 0.618589574132 -0.785714285714 -0.0 1.4527
42.0 3.0 6.0 9.0 -0.618589574132 -0.785714285714 0.0 1.4527
42.0 9.0 6.0 3.0 0.371153744479 0.928571428571 -0.0 1.4527
42.0 9.0 3.0 6.0 -0.371153744479 0.928571428571 0.0 1.4527
42.0 6.0 3.0 9.0 -0.989743318611 -0.142857142857 0.0 1.4527
42.0 6.0 9.0 3.0 0.989743318611 -0.142857142857 -0.0 1.4527
40.6666666667 4.0 9.0 5.0 0.79503971495 -0.606557377049 -0.0 1.4614
40.6666666667 4.0 5.0 9.0 -0.79503971495 -0.606557377049 0.0 1.4614
40.6666666667 9.0 5.0 4.0 0.127774239903 0.991803278689 -0.0 1.4614
40.6666666667 9.0 4.0 5.0 -0.127774239903 0.991803278689 0.0 1.4614
40.6666666667 5.0 4.0 9.0 -0.922813954852 -0.385245901639 0.0 1.4614
40.6666666667 5.0 9.0 4.0 0.922813954852 -0.385245901639 -0.0 1.4614
60.6666666667 1.0 10.0 9.0 0.1808184909 -0.983516483516 -0.0 1.4108
60.6666666667 1.0 9.0 10.0 -0.1808184909 -0.983516483516 0.0 1.4108
60.6666666667 10.0 9.0 1.0 0.761341014316 0.648351648352 -0.0 1.4108
60.6666666667 10.0 1.0 9.0 -0.761341014316 0.648351648352 0.0 1.4108
60.6666666667 9.0 1.0 10.0 -0.942159505216 0.335164835165 0.0 1.4108
60.6666666667 9.0 10.0 1.0 0.942159505216 0.335164835165 -0.0 1.4108
56.0 2.0 10.0 8.0 0.371153744479 -0.928571428571 -0.0 1.4786
56.0 2.0 8.0 10.0 -0.371153744479 -0.928571428571 0.0 1.4786
56.0 10.0 8.0 2.0 0.618589574132 0.785714285714 -0.0 1.4786
56.0 10.0 2.0 8.0 -0.618589574132 0.785714285714 0.0 1.4786
56.0 8.0 2.0 10.0 -0.989743318611 0.142857142857 0.0 1.4786
56.0 8.0 10.0 2.0 0.989743318611 0.142857142857 -0.0 1.4786
52.6666666667 3.0 10.0 7.0 0.559079691051 -0.829113924051 -0.0 1.504
52.6666666667 3.0 7.0 10.0 -0.559079691051 -0.829113924051 0.0 1.504
52.6666666667 10.0 7.0 3.0 0.438493875334 0.898734177215 -0.0 1.504
52.6666666667 10.0 3.0 7.0 -0.438493875334 0.898734177215 0.0 1.504
52.6666666667 7.0 3.0 10.0 -0.997573566385 -0.0696202531646 0.0 1.504
52.6666666667 7.0 10.0 3.0 0.997573566385 -0.0696202531646 -0.0 1.504
50.6666666667 4.0 10.0 6.0 0.729284550555 -0.684210526316 -0.0 1.5142
50.6666666667 4.0 6.0 10.0 -0.729284550555 -0.684210526316 0.0 1.5142
50.6666666667 10.0 6.0 4.0 0.227901422049 0.973684210526 -0.0 1.5142
50.6666666667 10.0 4.0 6.0 -0.227901422049 0.973684210526 0.0 1.5142
50.6666666667 6.0 4.0 10.0 -0.957185972604 -0.289473684211 0.0 1.5142
50.6666666667 6.0 10.0 4.0 0.957185972604 -0.289473684211 -0.0 1.5142
50.0 5.0 10.0 5.0 0.866025403784 -0.5 -0.0 1.5171
50.0 5.0 5.0 10.0 -0.866025403784 -0.5 0.0 1.5171
50.0 10.0 5.0 5.0 0.0 1.0 -0.0 1.5171
50.0 10.0 5.0 5.0 0.0 1.0 -0.0 1.5171
50.0 5.0 5.0 10.0 -0.866025403784 -0.5 0.0 1.5171
50.0 5.0 10.0 5.0 0.866025403784 -0.5 -0.0 1.5171
74.0 1.0 11.0 10.0 0.163842643959 -0.986486486486 -0.0 1.4591
74.0 1.0 10.0 11.0 -0.163842643959 -0.986486486486 0.0 1.4591
74.0 11.0 10.0 1.0 0.772401035808 0.635135135135 -0.0 1.4591
74.0 11.0 1.0 10.0 -0.772401035808 0.635135135135 0.0 1.4591
74.0 10.0 1.0 11.0 -0.936243679767 0.351351351351 0.0 1.4591
74.0 10.0 11.0 1.0 0.936243679767 0.351351351351 -0.0 1.4591
68.6666666667 2.0 11.0 9.0 0.336320545159 -0.941747572816 -0.0 1.5279
68.6666666667 2.0 9.0 11.0 -0.336320545159 -0.941747572816 0.0 1.5279
68.6666666667 11.0 9.0 2.0 0.647417049431 0.76213592233 -0.0 1.5279
68.6666666667 11.0 2.0 9.0 -0.647417049431 0.76213592233 0.0 1.5279
68.6666666667 9.0 2.0 11.0 -0.98373759459 0.179611650485 0.0 1.5279
68.6666666667 9.0 11.0 2.0 0.98373759459 0.179611650485 -0.0 1.5279
64.6666666667 3.0 11.0 8.0 0.508901525935 -0.860824742268 -0.0 1.554
64.6666666667 3.0 8.0 11.0 -0.508901525935 -0.860824742268 0.0 1.554
64.6666666667 11.0 8.0 3.0 0.491045332043 0.871134020619 -0.0 1.554
64.6666666667 11.0 3.0 8.0 -0.491045332043 0.871134020619 0.0 1.554
64.6666666667 8.0 3.0 11.0 -0.999946857978 -0.0103092783505 0.0 1.554
64.6666666667 8.0 11.0 3.0 0.999946857978 -0.0103092783505 -0.0 1.554
62.0 4.0 11.0 7.0 0.670471280349 -0.741935483871 -0.0 1.5654
62.0 4.0 7.0 11.0 -0.670471280349 -0.741935483871 0.0 1.5654
62.0 11.0 7.0 4.0 0.307299336827 0.951612903226 -0.0 1.5654
62.0 11.0 4.0 7.0 -0.307299336827 0.951612903226 0.0 1.5654
62.0 7.0 4.0 11.0 -0.977770617176 -0.209677419355 0.0 1.5654
62.0 7.0 11.0 4.0 0.977770617176 -0.209677419355 -0.0 1.5654
60.6666666667 5.0 11.0 6.0 0.808924827711 -0.587912087912 -0.0 1.5697
60.6666666667 5.0 6.0 11.0 -0.808924827711 -0.587912087912 0.0 1.5697
60.6666666667 11.0 6.0 5.0 0.104684389468 0.994505494505 -0.0 1.5697
60.6666666667 11.0 5.0 6.0 -0.104684389468 0.994505494505 0.0 1.5697
60.6666666667 6.0 5.0 11.0 -0.913609217179 -0.406593406593 0.0 1.5697
60.6666666667 6.0 11.0 5.0 0.913609217179 -0.406593406593 -0.0 1.5697
88.6666666667 1.0 12.0 11.0 0.149763791632 -0.988721804511 -0.0 1.4987
88.6666666667 1.0 11.0 12.0 -0.149763791632 -0.988721804511 0.0 1.4987
88.6666666667 12.0 11.0 1.0 0.781376304166 0.624060150376 -0.0 1.4987
88.6666666667 12.0 1.0 11.0 -0.781376304166 0.624060150376 0.0 1.4987
88.6666666667 11.0 1.0 12.0 -0.931140095798 0.364661654135 0.0 1.4987
88.6666666667 11.0 12.0 1.0 0.931140095798 0.364661654135 -0.0 1.4987
82.6666666667 2.0 12.0 10.0 0.307299336827 -0.951612903226 -0.0 1.574
82.6666666667 2.0 10.0 12.0 -0.307299336827 -0.951612903226 0.0 1.574
82.6666666667 12.0 10.0 2.0 0.670471280349 0.741935483871 -0.0 1.574
82.6666666667 12.0 2.0 10.0 -0.670471280349 0.741935483871 0.0 1.574
82.6666666667 10.0 2.0 12.0 -0.977770617176 0.209677419355 0.0 1.574
82.6666666667 10.0 12.0 2.0 0.977770617176 0.209677419355 -0.0 1.574
0.666666666667 0.0 1.0 1.0 0.0 -1.0 -0.0 0.548
0.666666666667 0.0 1.0 1.0 0.0 -1.0 -0.0 0.548
0.666666666667 1.0 1.0 0.0 0.866025403784 0.5 -0.0 0.548
0.666666666667 1.0 0.0 1.0 -0.866025403784 0.5 0.0 0.548
0.666666666667 1.0 0.0 1.0 -0.866025403784 0.5 0.0 0.548
0.666666666667 1.0 1.0 0.0 0.866025403784 0.5 -0.0 0.548
2.66666666667 0.0 2.0 2.0 0.0 -1.0 -0.0 0.7331
2.66666666667 0.0 2.0 2.0 0.0 -1.0 -0.0 0.7331
2.66666666667 2.0 2.0 0.0 0.866025403784 0.5 -0.0 0.7331
2.66666666667 2.0 0.0 2.0 -0.866025403784 0.5 0.0 0.7331
2.66666666667 2.0 0.0 2.0 -0.866025403784 0.5 0.0 0.7331
2.66666666667 2.0 2.0 0.0 0.866025403784 0.5 -0.0 0.7331
6.0 0.0 3.0 3.0 0.0 -1.0 -0.0 0.8347
6.0 0.0 3.0 3.0 0.0 -1.0 -0.0 0.8347
6.0 3.0 3.0 0.0 0.866025403784 0.5 -0.0 0.8347
6.0 3.0 0.0 3.0 -0.866025403784 0.5 0.0 0.8347
6.0 3.0 0.0 3.0 -0.866025403784 0.5 0.0 0.8347
6.0 3.0 3.0 0.0 0.866025403784 0.5 -0.0 0.8347
10.6666666667 0.0 4.0 4.0 0.0 -1.0 -0.0 0.9075
10.6666666667 0.0 4.0 4.0 0.0 -1.0 -0.0 0.9075
10.6666666667 4.0 4.0 0.0 0.866025403784 0.5 -0.0 0.9075
10.6666666667 4.0 0.0 4.0 -0.866025403784 0.5 0.0 0.9075
10.6666666667 4.0 0.0 4.0 -0.866025403784 0.5 0.0 0.9075
10.6666666667 4.0 4.0 0.0 0.866025403784 0.5 -0.0 0.9075
16.6666666667 0.0 5.0 5.0 0.0 -1.0 -0.0 0.9689
16.6666666667 0.0 5.0 5.0 0.0 -1.0 -0.0 0.9689
16.6666666667 5.0 5.0 0.0 0.866025403784 0.5 -0.0 0.9689
16.6666666667 5.0 0.0 5.0 -0.866025403784 0.5 0.0 0.9689
16.6666666667 5.0 0.0 5.0 -0.866025403784 0.5 0.0 0.9689
16.6666666667 5.0 5.0 0.0 0.866025403784 0.5 -0.0 0.9689
24.0 0.0 6.0 6.0 0.0 -1.0 -0.0 1.0248
24.0 0.0 6.0 6.0 0.0 -1.0 -0.0 1.0248
24.0 6.0 6.0 0.0 0.866025403784 0.5 -0.0 1.0248
24.0 6.0 0.0 6.0 -0.866025403784 0.5 0.0 1.0248
24.0 6.0 0.0 6.0 -0.866025403784 0.5 0.0 1.0248
24.0 6.0 6.0 0.0 0.866025403784 0.5 -0.0 1.0248
32.6666666667 0.0 7.0 7.0 0.0 -1.0 -0.0 1.0777
32.6666666667 0.0 7.0 7.0 0.0 -1.0 -0.0 1.0777
32.6666666667 7.0 7.0 0.0 0.866025403784 0.5 -0.0 1.0777
32.6666666667 7.0 0.0 7.0 -0.866025403784 0.5 0.0 1.0777
32.6666666667 7.0 0.0 7.0 -0.866025403784 0.5 0.0 1.0777
32.6666666667 7.0 7.0 0.0 0.866025403784 0.5 -0.0 1.0777
42.6666666667 0.0 8.0 8.0 0.0 -1.0 -0.0 1.1287
42.6666666667 0.0 8.0 8.0 0.0 -1.0 -0.0 1.1287
42.6666666667 8.0 8.0 0.0 0.866025403784 0.5 -0.0 1.1287
42.6666666667 8.0 0.0 8.0 -0.866025403784 0.5 0.0 1.1287
42.6666666667 8.0 0.0 8.0 -0.866025403784 0.5 0.0 1.1287
42.6666666667 8.0 8.0 0.0 0.866025403784 0.5 -0.0 1.1287
54.0 0.0 9.0 9.0 0.0 -1.0 -0.0 1.1786
54.0 0.0 9.0 9.0 0.0 -1.0 -0.0 1.1786
54.0 9.0 9.0 0.0 0.866025403784 0.5 -0.0 1.1786
54.0 9.0 0.0 9.0 -0.866025403784 0.5 0.0 1.1786
54.0 9.0 0.0 9.0 -0.866025403784 0.5 0.0 1.1786
54.0 9.0 9.0 0.0 0.866025403784 0.5 -0.0 1.1786
66.6666666667 0.0 10.0 10.0 0.0 -1.0 -0.0 1.2277
66.6666666667 0.0 10.0 10.0 0.0 -1.0 -0.0 1.2277
66.6666666667 10.0 10.0 0.0 0.866025403784 0.5 -0.0 1.2277
66.6666666667 10.0 0.0 10.0 -0.866025403784 0.5 0.0 1.2277
66.6666666667 10.0 0.0 10.0 -0.866025403784 0.5 0.0 1.2277
66.6666666667 10.0 10.0 0.0 0.866025403784 0.5 -0.0 1.2277
80.6666666667 0.0 11.0 11.0 0.0 -1.0 -0.0 1.2736
80.6666666667 0.0 11.0 11.0 0.0 -1.0 -0.0 1.2736
80.6666666667 11.0 11.0 0.0 0.866025403784 0.5 -0.0 1.2736
80.6666666667 11.0 0.0 11.0 -0.866025403784 0.5 0.0 1.2736
80.6666666667 11.0 0.0 11.0 -0.866025403784 0.5 0.0 1.2736
80.6666666667 11.0 11.0 0.0 0.866025403784 0.5 -0.0 1.2736
96.0 0.0 12.0 12.0 0.0 -1.0 -0.0 1.2979
96.0 0.0 12.0 12.0 0.0 -1.0 -0.0 1.2979
96.0 12.0 12.0 0.0 0.866025403784 0.5 -0.0 1.2979
96.0 12.0 0.0 12.0 -0.866025403784 0.5 0.0 1.2979
96.0 12.0 0.0 12.0 -0.866025403784 0.5 0.0 1.2979
96.0 12.0 12.0 0.0 0.866025403784 0.5 -0.0 1.2979
1.3254 1.41 1.41 0.0 0.866025403784 0.5 -0.0 0.665
1.3254 1.41 0.0 1.41 -0.866025403784 0.5 0.0 0.665
1.3254 1.41 0.0 1.41 -0.866025403784 0.5 0.0 0.665
1.3254 1.41 1.41 0.0 0.866025403784 0.5 -0.0 0.665
1.3254 0.0 1.41 1.41 0.0 -1.0 -0.0 0.665
1.3254 0.0 1.41 1.41 0.0 -1.0 -0.0 0.665
3.34506666667 2.24 2.24 0.0 0.866025403784 0.5 -0.0 0.7693
3.34506666667 2.24 0.0 2.24 -0.866025403784 0.5 0.0 0.7693
3.34506666667 2.24 0.0 2.24 -0.866025403784 0.5 0.0 0.7693
3.34506666667 2.24 2.24 0.0 0.866025403784 0.5 -0.0 0.7693
3.34506666667 0.0 2.24 2.24 0.0 -1.0 -0.0 0.7693
3.34506666667 0.0 2.24 2.24 0.0 -1.0 -0.0 0.7693
6.65706666667 3.16 3.16 0.0 0.866025403784 0.5 -0.0 0.8498
6.65706666667 3.16 0.0 3.16 -0.866025403784 0.5 0.0 0.8498
6.65706666667 3.16 0.0 3.16 -0.866025403784 0.5 0.0 0.8498
6.65706666667 3.16 3.16 0.0 0.866025403784 0.5 -0.0 0.8498
6.65706666667 0.0 3.16 3.16 0.0 -1.0 -0.0 0.8498
6.65706666667 0.0 3.16 3.16 0.0 -1.0 -0.0 0.8498
11.3162666667 4.12 4.12 0.0 0.866025403784 0.5 -0.0 0.9161
11.3162666667 4.12 0.0 4.12 -0.866025403784 0.5 0.0 0.9161
11.3162666667 4.12 0.0 4.12 -0.866025403784 0.5 0.0 0.9161
11.3162666667 4.12 4.12 0.0 0.866025403784 0.5 -0.0 0.9161
11.3162666667 0.0 4.12 4.12 0.0 -1.0 -0.0 0.9161
11.3162666667 0.0 4.12 4.12 0.0 -1.0 -0.0 0.9161
17.34 5.1 5.1 0.0 0.866025403784 0.5 -0.0 0.9748
17.34 5.1 0.0 5.1 -0.866025403784 0.5 0.0 0.9748
17.34 5.1 0.0 5.1 -0.866025403784 0.5 0.0 0.9748
17.34 5.1 5.1 0.0 0.866025403784 0.5 -0.0 0.9748
17.34 0.0 5.1 5.1 0.0 -1.0 -0.0 0.9748
17.34 0.0 5.1 5.1 0.0 -1.0 -0.0 0.9748
3.34506666667 2.24 2.24 0.0 0.866025403784 0.5 -0.0 0.7693
3.34506666667 2.24 0.0 2.24 -0.866025403784 0.5 0.0 0.7693
3.34506666667 2.24 0.0 2.24 -0.866025403784 0.5 0.0 0.7693
3.34506666667 2.24 2.24 0.0 0.866025403784 0.5 -0.0 0.7693
3.34506666667 0.0 2.24 2.24 0.0 -1.0 -0.0 0.7693
3.34506666667 0.0 2.24 2.24 0.0 -1.0 -0.0 0.7693
5.33926666667 2.83 2.83 0.0 0.866025403784 0.5 -0.0 0.8255
5.33926666667 2.83 0.0 2.83 -0.866025403784 0.5 0.0 0.8255
5.33926666667 2.83 0.0 2.83 -0.866025403784 0.5 0.0 0.8255
5.33926666667 2.83 2.83 0.0 0.866025403784 0.5 -0.0 0.8255
5.33926666667 0.0 2.83 2.83 0.0 -1.0 -0.0 0.8255
5.33926666667 0.0 2.83 2.83 0.0 -1.0 -0.0 0.8255
8.68806666667 3.61 3.61 0.0 0.866025403784 0.5 -0.0 0.8832
8.68806666667 3.61 0.0 3.61 -0.866025403784 0.5 0.0 0.8832
8.68806666667 3.61 0.0 3.61 -0.866025403784 0.5 0.0 0.8832
8.68806666667 3.61 3.61 0.0 0.866025403784 0.5 -0.0 0.8832
8.68806666667 0.0 3.61 3.61 0.0 -1.0 -0.0 0.8832
8.68806666667 0.0 3.61 3.61 0.0 -1.0 -0.0 0.8832
13.3206 4.47 4.47 0.0 0.866025403784 0.5 -0.0 0.9385
13.3206 4.47 0.0 4.47 -0.866025403784 0.5 0.0 0.9385
13.3206 4.47 0.0 4.47 -0.866025403784 0.5 0.0 0.9385
13.3206 4.47 4.47 0.0 0.866025403784 0.5 -0.0 0.9385
13.3206 0.0 4.47 4.47 0.0 -1.0 -0.0 0.9385
13.3206 0.0 4.47 4.47 0.0 -1.0 -0.0 0.9385
19.3680666667 5.39 5.39 0.0 0.866025403784 0.5 -0.0 0.9914
19.3680666667 5.39 0.0 5.39 -0.866025403784 0.5 0.0 0.9914
19.3680666667 5.39 0.0 5.39 -0.866025403784 0.5 0.0 0.9914
19.3680666667 5.39 5.39 0.0 0.866025403784 0.5 -0.0 0.9914
19.3680666667 0.0 5.39 5.39 0.0 -1.0 -0.0 0.9914
19.3680666667 0.0 5.39 5.39 0.0 -1.0 -0.0 0.9914
6.65706666667 3.16 3.16 0.0 0.866025403784 0.5 -0.0 0.8498
6.65706666667 3.16 0.0 3.16 -0.866025403784 0.5 0.0 0.8498
6.65706666667 3.16 0.0 3.16 -0.866025403784 0.5 0.0 0.8498
6.65706666667 3.16 3.16 0.0 0.866025403784 0.5 -0.0 0.8498
6.65706666667 0.0 3.16 3.16 0.0 -1.0 -0.0 0.8498
6.65706666667 0.0 3.16 3.16 0.0 -1.0 -0.0 0.8498