2   2     3.2360679774997898     3.7320508075688776         0.25445659827000205      0.00029786957788195846
2   4     5.1231056256176606     5.7320508075688776         0.10400826703899881      0.00022006746697647266
2   6     7.0827625302982193     7.7320508075688776        0.044705571229690821      0.00017313462810360653
2   8     9.0622577482985491     9.7320508075688785        0.020014306863729996      0.00015084380448904483
2  10      11.04987562112089     11.732050807568879       0.0092390776361262576      0.00012681784724348196
2  12     13.041594578792296     13.732050807568879       0.0043009702234025199       8.979096313037914e-05
2  14     15.035668847618199     15.732050807568879       0.0019616569401225432      5.7193855728881099e-05
2  16     17.031219541881399     17.732050807568879      0.00088304721593602902      6.4754226619046442e-05
2  18     19.027756377319946     19.732050807568879      0.00042680167567645194      5.2504292186727894e-05
2  20     21.024984394500787     21.732050807568879      0.00017358212375530888      6.2583102793834053e-05
2  22     23.022715545545239     23.732050807568879      2.3897463144879465e-05      7.1637352671316567e-05
2  24     25.020824298928627     25.732050807568879      2.1165982762199797e-05       9.339856711689712e-05
2  26     27.019223662515376     27.732050807568879     -4.7502786782899926e-05      7.5036500743661845e-05
2  28       29.0178514522438     29.732050807568879     -5.5045123664271232e-05      7.3035600999210489e-05
2  30     31.016662039607269     31.732050807568879     -1.0375246523544699e-05      5.1219186549198342e-05
2  32     33.015621187164243     33.732050807568875      6.0792123937421303e-05      7.1774064351896405e-05
2  34     35.014702703389901     35.732050807568875      9.4037395338350064e-05       7.850591362163197e-05
2  36     37.013886210738214     37.732050807568875     -4.5814131515109891e-05      8.2762637833613391e-05
2  38     39.013155617496423     39.732050807568875      -1.474986313451004e-05      9.0139902238028157e-05
2  40      41.01249804748511     41.732050807568875      2.0432349067220916e-05      8.0395000493291407e-05
2  42      43.01190307520001     43.732050807568875      6.1230001631149664e-05      7.4545700132111763e-05
2  44     45.011362169330773     45.732050807568875      3.0050561141107313e-05      8.9531264141118219e-05
2  46     47.010868281309364     47.732050807568875      2.7575449734499441e-05      8.0692634787706428e-05
2  48     49.010415536631214     49.732050807568875     -8.7728282069180429e-05      6.5651129569816626e-05
2  50     51.009999000199947     51.732050807568875     -0.00021436703209055087      6.9155175432531767e-05
2  52     53.009614495783374     53.732050807568875     -0.00030552629955597343       7.372464737375603e-05
2  54     55.009258465563107     55.732050807568875     -0.00022026110675117636      0.00010346851024232587
2  56     57.008927859761783     57.732050807568875     -0.00011125738717747302      9.6189349120263403e-05
2  58     59.008620049092706     59.732050807568875     -1.3563256671079365e-05      0.00012260964643404524
2  60      61.00833275470999     61.732050807568875      4.3010353613259811e-05      0.00013414801225754497
4   2     4.8284271247461898     5.4641016151377553         0.11381767961800089      0.00022586000293462158
4   4     6.4721359549995796     7.4641016151377553        0.052699463556995542      0.00013344985579280343
4   6     8.3245553203367599     9.4641016151377553        0.023730948458049399       9.751601648245141e-05
4   8     10.246211251235321     11.464101615137755        0.010845590147871511      8.9596192204821111e-05
4  10     12.198039027185569     13.464101615137755       0.0050290574324307344      0.00010222809981389218
4  12     14.165525060596439     15.464101615137755       0.0023784952619140894      8.5510509904917524e-05
4  14     16.142135623730951     17.464101615137757       0.0011715904558551172      8.4555262288038232e-05
4  16     18.124515496597098     19.464101615137757      0.00050849877178360493      9.2399490404442838e-05
4  18     20.110770276274835     21.464101615137757      0.00019839901819961993      8.4359078193642137e-05
4  20      22.09975124224178     23.464101615137757      5.1917143720310437e-05      7.1422986969252604e-05
4  22     24.090722034374522     25.464101615137757     -4.6084011670476646e-06       5.600371549546487e-05
4  24     26.083189157584592     27.464101615137757      5.4064325042831405e-05      7.2477262197935582e-05
4  26     28.076809620810597     29.464101615137757      3.8149995842215666e-05      4.2252995604720419e-05
4  28     30.071337695236398     31.464101615137757      2.9869091123350878e-05      3.6050963233086347e-05
4  30      32.06659275674582     33.464101615137757      4.3209948626603723e-06      3.3117847046856126e-05
4  32     34.062439083762797     35.464101615137757      1.0304486357196839e-06      5.3385693388999969e-05
4  34     36.058772731852805     37.464101615137757      9.0824181982905219e-06      6.1446865902614525e-05
4  36     38.055512754639892     39.464101615137757     -2.6484548810103576e-05      9.3957009495383451e-05
4  38     40.052595180880893     41.464101615137757     -3.8678426718399851e-05      0.00011226119635133356
4  40     42.049968789001575     43.464101615137757      4.5329130319632052e-05      8.7714686108169052e-05
4  42     44.047592083257278     45.464101615137757      0.00011019966510740675      5.9214029454005816e-05
4  44     46.045431091090478     47.464101615137757      9.1651428703949585e-05      6.4672556788793396e-05
4  46     48.043457732885351     49.464101615137757     -4.5877145908058071e-05      7.3119960888028802e-05
4  48     50.041648597857254     51.464101615137757     -9.4569295578957979e-05      7.7589010757665882e-05
4  50     52.039984012787215     53.464101615137757      -0.0001829723474865915      8.8062187688586649e-05
4  52     54.038447325030752     55.464101615137757     -0.00023903248795826225      4.7108687196073859e-05
4  54     56.037024344425184     57.464101615137757     -0.00023665453201169117      6.0342730636669892e-05
4  56       58.0357029044876     59.464101615137757     -0.00015023350880065894      5.7543009415948057e-05
4  58     60.034472514187634     61.464101615137757     -3.2189012232439853e-05      9.9547234939616522e-05
4  60     62.033324079214538     63.464101615137757      2.7045700007839887e-05      7.9159600427826672e-05
6   2     6.6055512754639896     7.1961524227066329        0.051031788632840469      0.00017543169848674014
6   4                      8      9.196152422706632        0.026423239411393303      9.9466627646733522e-05
6   6     9.7082039324993694     11.196152422706632        0.012556721635121634      7.3344402721857403e-05
6   8      11.54400374531753     13.196152422706632       0.0058456955980836509      5.5885877824354375e-05
6  10     13.440306508910551     15.196152422706632       0.0027753306772568733      8.9654446084443004e-05
6  12     15.369316876852981     17.196152422706632        0.001316991920539367      5.9438516818811497e-05
6  14     17.317821063276355     19.196152422706632      0.00066213421124006221       7.720715877633642e-05
6  16     19.278820596099706     21.196152422706632      0.00029464159682998279      8.1311489684933913e-05
6  18     21.248287590894659     23.196152422706632       0.0001209759703267802      8.2207178531496533e-05
6  20     23.223748416156685     25.196152422706632      1.4874319942690029e-05      6.6797126209288074e-05
6  22     25.203603311174518     27.196152422706632      1.4841797040150078e-05      5.7908869509511066e-05
6  24     27.186773244895647     29.196152422706632       -2.23320236010405e-05      6.2893707165412161e-05
6  26     29.172504656604801     31.196152422706632      4.5472111767220175e-05       3.976774069719031e-05
6  28     31.160255680657446     33.196152422706632      7.9570688206789827e-05       4.257390220255448e-05
6  30      33.14962686336267     35.196152422706632      1.5179784142187759e-05      6.1105098314442367e-05
6  32     35.140317359976393     37.196152422706632      1.4429322062115729e-06      6.1558976144014316e-05
6  34     37.132096331752024     39.196152422706632     -5.4758003149864951e-05      7.1147955155641675e-05
6  36     39.124783736376884     41.196152422706632     -4.5796332771444501e-05      8.2778832170840442e-05
6  38     41.118237105091836     43.196152422706632     -8.7468864491527324e-05      7.3552952962949617e-05
6  40      43.11234224026316     45.196152422706632      5.1265699862160193e-05      7.8170650891042309e-05
6  42     45.107006542854599     47.196152422706632      0.00016289179206707466      5.6463950282661952e-05
6  44      47.10215414239989     49.196152422706632      2.2773840619507776e-05      6.0354298534936184e-05
6  46     49.097722286464439     51.196152422706632     -7.0526263895963386e-05      5.6520629587775903e-05
6  48     51.093658625644196     53.196152422706632     -6.4382083576950381e-05      5.2578525782200435e-05
6  50     53.089919145472777     55.196152422706632     -0.00011554322042796791      6.4472241094092324e-05
6  52     55.086466572421671     57.196152422706632     -0.00015483636260956119      5.5364172365225805e-05
6  54     57.083269131959838     59.196152422706632     -0.00012443634322397229      5.2533062524641816e-05
6  56     59.080299571239813     61.196152422706632     -4.6431852290979359e-05      6.4819020034482093e-05
6  58     61.077534382926416     63.196152422706632     -7.2414176753723799e-06      7.4728993378312585e-05
6  60     63.074953183502359     65.196152422706632      1.1850541937810158e-05      6.9438028633987225e-05
8   2     8.4721359549995796     8.9442719099991592        0.023000657238853729      0.00013779064063651003
8   4     9.6568542494923797     10.928203230275511        0.013043129626037302      6.3119635064944117e-05
8   6     11.211102550927979     12.928203230275511       0.0065077301332519882      6.2922093930646388e-05
8   8     12.944271909999159     14.928203230275511       0.0030823012976561883      5.2331376271532132e-05
8  10     14.770329614269007     16.928203230275511        0.001526409974476101      6.8656981555218237e-05
8  12      16.64911064067352     18.928203230275511      0.00074507627404379255      6.7050352216763557e-05
8  14     18.560219778561034     20.928203230275511      0.00043618539545368213       8.012096254792747e-05
8  16     20.492422502470642     22.928203230275511      0.00018525061430378655      5.6973338238424924e-05
8  18     22.439088914585774     24.928203230275511      0.00010502025419790339       5.034680431163398e-05
8  20     24.396078054371138     26.928203230275511      7.0155751221682338e-06      4.5025855353767778e-05
8  22     26.360679774997898     28.928203230275511       2.102041194613015e-05      4.2146619634887148e-05
8  24     28.331050121192877     30.928203230275511      1.8091061544766814e-05       6.093697138498339e-05
8  26     30.305892875931811     32.928203230275514      3.9979181944099309e-06      4.0352388698206159e-05
8  28     32.284271247461902     34.928203230275514     -5.7944806752200349e-05      5.2565259298144001e-05
8  30     34.265491900843116     36.928203230275514     -7.0980615359414454e-05      7.4237825090282055e-05
8  32     36.249030993194197     38.928203230275514     -2.8016090367999576e-05      8.5135662052538528e-05
8  34      38.23448553724738     40.928203230275514      -6.296514172620013e-05      6.5759910948908217e-05
8  36     40.221540552549669     42.928203230275514     -7.1964252562019696e-05      6.3002844473159211e-05
8  38     42.209946349085598     44.928203230275514     -0.00010786066180383199      7.4888108656221829e-05
8  40      44.19950248448356     46.928203230275514      -2.538516938086845e-05      5.9144861276856917e-05
8  42     46.190046219457976     48.928203230275514     -2.8280486726550144e-05      5.4262759703556218e-05
8  44     48.181444068749045     50.928203230275514     -3.0299165726196793e-05       6.358966191474352e-05
8  46     50.173585522460783     52.928203230275514      5.9722807537010264e-07      5.6093548618549386e-05
8  48     52.166378315169183     54.928203230275514     -3.3571121901270675e-05       3.985901159010021e-05
8  50     54.159744815937813     56.928203230275514      -0.0001200917041057835      4.6698103869835726e-05
8  52     56.153619241621193     58.928203230275514     -0.00012796490882209977      5.8244087292916182e-05
8  54     58.147945482723536     60.928203230275514     -8.1379959138329965e-05      5.4833119400110928e-05
8  56     60.142675390472796     62.928203230275514     -2.6478621375790058e-05      5.9546658760330061e-05
8  58     62.137767414994535     64.928203230275514      2.4414196343130441e-05      6.9439868225314896e-05
8  60      64.13318551349164     66.928203230275514      -3.538692544009978e-05      6.6569892654770745e-05
10   2     10.385164807134505     10.770329614269007        0.010428042799461789      0.00010463010387819293
10   4     11.403124237432849     12.660254037844387       0.0064087883484997346      7.0486166847898212e-05
10   6     12.810249675906654     14.660254037844387       0.0033783490197876625      5.7533083265817926e-05
10   8     14.433981132056603     16.660254037844389       0.0016705886495255288      6.4937124936273572e-05
10  10     16.180339887498949     18.660254037844389      0.00083907016493364663      7.1561296373351047e-05
10  12                     18     20.660254037844389       0.0004846944424762222      6.1472919649084015e-05
10  14     19.866068747318508     22.660254037844389      0.00027406461176612042      6.6917521902862964e-05
10  16     21.763054614240211     24.660254037844389      0.00016681269480458248      5.4675750500730675e-05
10  18     23.681541692269406     26.660254037844389      7.3770219924440428e-05      5.3986651861831645e-05
10  20     25.615528128088304     28.660254037844389      2.4441826761003234e-05      7.4893116001162482e-05
10  22     27.561028345356956     30.660254037844389      1.3133299855979061e-05      4.9710685197096073e-05
10  24     29.515301344262525     32.660254037844389      4.7881162872049456e-05      6.2657812200433963e-05
10  26     31.476404589747453     34.660254037844389     -2.7162230126659589e-05      5.7180792622406055e-05
10  28     33.442925306655781     36.660254037844389     -5.4086374222477195e-05      5.4560348262718698e-05
10  30     35.413812651491099     38.660254037844389     -5.0822900002142991e-05      5.6601512725152139e-05
10  32     37.388269481403292     40.660254037844389     -3.8804399071136789e-05      5.6771373164278248e-05
10  34     39.365680554879162     42.660254037844389     -8.0483289473771012e-05      6.1139336011752858e-05
10  36     41.345563690772494     44.660254037844389     -2.2848398437246015e-05      8.8069948119841914e-05
10  38     43.327535793473601     46.660254037844389     -2.0900214905869789e-05       8.994616823985218e-05
10  40     45.311288741492746     48.660254037844389     -7.2726036201225402e-05      7.6062933479797832e-05
10  42     47.296571965113202     50.660254037844389     -5.6012402838223328e-05      5.9694507819256306e-05
10  44     49.283179650969061     52.660254037844389     -5.5261846457956622e-05      5.5780351915504676e-05
10  46     51.270941205037097     54.660254037844389     -2.6358543807154032e-05      5.4626060349430926e-05
10  48     53.259714048054619     56.660254037844389     -2.2068527670019898e-05      4.8057861885534619e-05
10  50      55.24937810560445     58.660254037844389      -7.253455806255936e-05      5.7831035288665106e-05
10  52     57.239831546435909     60.660254037844389     -0.00011061438184765974       3.912180871931073e-05
10  54     59.230987451824994     62.660254037844389     -0.00012114703426509084      4.2864970084564823e-05
10  56     61.222771187482387     64.660254037844382     -9.3817497773521024e-05      5.6413380261500419e-05
10  58     63.215118311311535     66.660254037844382     -3.4134454632599202e-05      6.5652517325923569e-05
10  60     65.207972893961482     68.660254037844382     -2.5016127847140059e-05      4.7858865188640676e-05
12   2      12.32455532033676     12.649110640673518       0.0047941560598793384      7.8517206446691943e-05
12   4     13.211102550927979     14.392304845413266       0.0031202911402429486      7.6368963243972268e-05
12   6      14.48528137423857     16.392304845413264       0.0017285779446257713      5.1203841294345567e-05
12   8                     16     18.392304845413264      0.00087565288819959263      3.7348129094505677e-05
12  10     17.661903789690601     20.392304845413264      0.00048309422869853612      8.1953372558707984e-05
12  12     19.416407864998739     22.392304845413264      0.00033267236560265753      6.9605199166883068e-05
12  14     21.231546211727817     24.392304845413264      0.00014049897515825834      5.7936927430974963e-05
12  16     23.088007490635061     26.392304845413264      0.00010791200716358272      3.8012405276559045e-05
12  18     24.973665961010276     28.392304845413264      4.4651786981978489e-05      4.6878739810613453e-05
12  20     26.880613017821101     30.392304845413264      4.9685473240899806e-05      7.3183500181808969e-05
12  22     28.803508501982758     32.392304845413264     -7.9141713916099476e-05      5.6509654003119419e-05
12  24     30.738633753705962     34.392304845413264      1.2655222182140355e-05       5.138500736200083e-05
12  26     32.683328128252668     36.392304845413264     -1.1081909072129637e-05      5.5016949442026853e-05
12  28      34.63564212655271     38.392304845413264     -3.7445467298186236e-07      7.2000147458929373e-05
12  30     36.594117081556711     40.392304845413264     -1.5762050035165107e-05      6.7470161847593205e-05
12  32     38.557641192199412     42.392304845413264     -4.1083760261209943e-05      5.4679844952343366e-05
12  34     40.525353003264136     44.392304845413264     -1.6482878881379792e-05      5.8540879160641916e-05
12  36     42.496575181789318     46.392304845413264       7.281122961380213e-06      7.3228264845828358e-05
12  38     44.470768123342687     48.392304845413264     -1.6642479516059666e-05      8.0040918895253588e-05
12  40     46.447496832313369     50.392304845413264      -6.219949483097034e-05      5.1734452011876919e-05
12  42     48.426406871192853     52.392304845413264     -7.8525499231931861e-05      3.4771418964940021e-05
12  44     50.407206622349037     54.392304845413264     -7.9522521106072534e-05      5.1216168597201493e-05
12  46     52.389654018972806     56.392304845413264     -4.9718638949965122e-05       5.987179434157154e-05
12  48     54.373546489791295     58.392304845413264     -9.1529277883609824e-05      5.1906387722707416e-05
12  50     56.358713248056688     60.392304845413264     -3.9656839300810215e-05      3.1532766495897585e-05
12  52     58.345009313209601     62.392304845413264     -0.00014610620520386864      6.1077873486252714e-05
12  54     60.332310828824497     64.392304845413264     -0.00014524592735498174       5.412832605127314e-05
12  56     62.320511361314892     66.392304845413264     -0.00010142554245627995      4.2261929426145415e-05
12  58     64.309518948453004     68.392304845413264     -4.0965062054460486e-05      5.4368463446001843e-05
12  60      66.29925372672534     70.392304845413264     -0.00010661548220325189      4.1157698333393363e-05
14   2     14.280109889280517     14.560219778561036         0.00219772791472218      8.2842683848864814e-05
14   4     15.062257748298549     16.124515496597098       0.0015271331635386437      7.1345539643627028e-05
14   6     16.219544457292887     18.124355652982143      0.00085594395724794775      5.2565279849315388e-05
14   8      17.63014581273465     20.124355652982143      0.00044643141782620892      6.0479641048040078e-05
14  10     19.206555615733702     22.124355652982143      0.00028746978790993185      8.5684965491675814e-05
14  12     20.892443989449802     24.124355652982143      0.00025184477659432328      9.1618799332332911e-05
14  14     22.652475842498529     26.124355652982143      8.6347500190260554e-05      8.1322616919319752e-05
14  16     24.464249196572979     28.124355652982143       0.0001221463469542886      4.2892548483827402e-05
14  18     26.313207915827967     30.124355652982143      3.3704585280700181e-05      5.7656823880001119e-05
14  20     28.189620100417091     32.124355652982146      2.6984816754009048e-05      6.6975727750653388e-05
14  22     30.086792761230392     34.124355652982146     -0.00011606938142747167      6.8928086309168865e-05
14  24                     32     36.124355652982146     -3.3843895744500225e-06      4.0762191169160973e-05
14  26      33.92582403567252     38.124355652982146      1.5286739036786797e-05      3.4195999255628336e-05
14  28     35.861739379323623     40.124355652982146      4.9901095524419879e-05      7.0348417576111721e-05
14  30     37.805843601498722     42.124355652982146      2.5769526445209471e-05      7.9577448361258277e-05
14  32     39.756678708318397     44.124355652982146     -1.9276688543249817e-05      7.7078536699903591e-05
14  34     41.713109915419565     46.124355652982146       6.862098518665001e-05      6.9357407721331666e-05
14  36     43.674241641784498     48.124355652982146       6.228967055469886e-06      7.9675889205942682e-05
14  38     45.639358172723313     50.124355652982146     -3.4283150066430172e-05      8.1512824164751068e-05
14  40     47.607881008493905     52.124355652982146     -5.6092876595711523e-05      6.0867471044633155e-05
14  42     49.579337712087536     54.124355652982146     -8.8386537251019799e-05      5.7922476107148422e-05
14  44     51.553338819890925     56.124355652982146     -4.9726848124463683e-05      3.9590478426472849e-05
14  46     53.529560496527367     58.124355652982146     -7.0433925277770698e-05      2.9945881847250247e-05
14  48     55.507731342539614     60.124355652982146     -5.2728059608820329e-05      4.0254292544884636e-05
14  50     57.487622245457352     62.124355652982146     -2.4860196106320164e-05      4.2535592705881355e-05
14  52     59.469038489379621     64.124355652982146     -6.2298121878177315e-05      6.4240484365424757e-05
14  54     61.451813560247928     66.124355652982146     -6.9624443498581023e-05      5.5764818114181662e-05
14  56     63.435804238089851     68.124355652982146      -7.443681891839378e-05      3.9926648323585007e-05
14  58     65.420886675914119     70.124355652982146     -7.3162254408960128e-05      4.5454019009666056e-05
14  60     67.406953242155822     72.124355652982146     -3.5790616713350744e-05      3.6527022233328118e-05
16   2     16.246211251235323     16.492422502470642       0.0010191663653097676      6.5313284992066136e-05
16   4     16.944271909999159     17.888543819998318      0.00066589330412548269       7.871362286067969e-05
16   6                     18     19.856406460551021      0.00035709201589086945      4.9772978164986486e-05
16   8     19.313708498984759     21.856406460551021      0.00019948830837987117      5.9304669882346866e-05
16  10     20.806248474865697     23.856406460551021      9.8898450403618157e-05      6.4965492777067726e-05
16  12     22.422205101855958     25.856406460551021      0.00010542776875332953      7.4796620996958683e-05
16  14     24.124515496597098     27.856406460551021       9.641717636033486e-05       6.978103711188308e-05
16  16     25.888543819998318     29.856406460551021      3.8944831356029325e-05      4.9794251915519455e-05
16  18     27.697715603592208     31.856406460551021      4.6721337508131383e-05       4.270167543891145e-05
16  20     29.540659228538015     33.856406460551021      6.5492586562017549e-06      7.3959404940572489e-05
16  22     31.409399821439251     35.856406460551021     -7.9906994168270525e-05      3.4723647315156249e-05
16  24      33.29822128134704     37.856406460551021     -0.00014409485960275011      3.9317231381205608e-05
16  26     35.202941017470891     39.856406460551021     -5.8582933351476553e-05       4.783900833066444e-05
16  28     37.120439557122069     41.856406460551021      4.3192939147959991e-05       5.244328465461522e-05
16  30     39.048349392520052     43.856406460551021      2.6068899774249806e-05      9.2538965277055147e-05
16  32     40.984845004941285     45.856406460551021      7.0822302058284032e-05      7.2225005866724418e-05
16  34     42.928498393145958     47.856406460551021      0.00013212786815899796      9.8728082537556861e-05
16  36     44.878177829171548     49.856406460551021      5.2115916949118839e-05      8.8830367332661577e-05
16  38     46.832975677895199     51.856406460551021      1.3987196596710128e-05      4.2526135230195781e-05
16  40     48.792156108742276     53.856406460551021     -9.4334876248474965e-05      6.5253813659074653e-05
16  42     50.755116652863897     55.856406460551021     -0.00015519970281845888      5.8682204893676256e-05
16  44     52.721359549995796     57.856406460551021     -9.7186687522844185e-05      5.7069956682595934e-05
16  46     54.690470119715009     59.856406460551021     -0.00014371679213256902      6.5294457164730472e-05
16  48     56.662100242385755     61.856406460551021     -0.00013375940701190051      3.8486637992516189e-05
16  50     58.635955604688654     63.856406460551021     -3.2775619611179602e-05      5.3527621615811862e-05
16  52     60.611785751863621     65.856406460551028     -8.0113048848268526e-05      4.8416116207875671e-05
16  54     62.589376255824725     67.856406460551028      -8.617228644143943e-05      7.1384563785756639e-05
16  56     64.568542494923804     69.856406460551028     -3.9838095744939477e-05      3.8335147034070938e-05
16  58      66.54912467321779     71.856406460551028      -5.794462211866784e-05      4.1282523397797415e-05
16  60     68.530983801686233     73.856406460551028     -6.2667804700140345e-05      3.9026505966532495e-05
18   2     18.219544457292887     18.439088914585774      0.00044347109745519894      6.6086362828817328e-05
18   4     18.848857801796104     19.697715603592208      0.00031322544533116971      6.9562377885117074e-05
18   6      19.81665382639197       21.5884572681199       0.0002190047396632308      4.0957570478944501e-05
18   8     21.041594578792296       23.5884572681199      8.1882917554223369e-05      5.7531221836944249e-05
18  10      22.45362404707371       25.5884572681199      0.00010340410375525064      5.8644741371970334e-05
18  12                     24       27.5884572681199      3.6107736661013587e-05      5.5766053536833333e-05
18  14     25.643316977093239       29.5884572681199      1.7029234798619061e-05      5.2750851773600736e-05
18  16     27.357559750685819       31.5884572681199      5.3347264680889804e-05      3.6498686205593855e-05
18  18     29.124611797498108     33.588457268119896      3.4313414681859673e-05      3.8673939530484696e-05
18  20     30.931712199461309     35.588457268119896      4.3838941565683402e-05      5.7396070262396965e-05
18  22     32.769728648009426     37.588457268119896       2.090920192819605e-05      5.4179649042486867e-05
18  24     34.632011235952589     39.588457268119896     -8.5303031639679693e-05      7.4632552641458813e-05
18  26     36.513632984395208     41.588457268119896     -4.4891653433782724e-05       6.415100077044293e-05
18  28     38.410882339705481     43.588457268119896      5.5662900704348103e-07      5.7246974168349524e-05
18  30      40.32091952673165     45.588457268119896      5.8391708476248382e-06      6.7158196403132835e-05
18  32     42.241540277189323     47.588457268119896       7.016092692960495e-05      8.0356565600919183e-05
18  34     44.171010790137949     49.588457268119896      7.2533614530920351e-05      9.0592530852578708e-05
18  36     46.107950630558946     51.588457268119896      6.8541355068244832e-05      7.9973488769970977e-05
18  38      48.05124837953327     53.588457268119896      3.2738130166357121e-05      6.9306152615630098e-05
18  40                     50     55.588457268119896     -5.3174867691877783e-05      5.1353118178662563e-05
18  42     51.953463189829058     57.588457268119896     -0.00011061320390028052      4.8520537674925954e-05
18  44     53.911023145771239     59.588457268119896     -7.8921096155530016e-05      6.7566157830791781e-05
18  46     55.872166581031863     61.588457268119896      -0.0001050917654014186      5.4185711531902608e-05
18  48     57.836461788299118     63.588457268119896     -0.00016283911326330657      3.9656469022798086e-05
18  50     59.803543183522152     65.588457268119896      -6.905953631902961e-05      5.7058864097800245e-05
18  52     61.773099207835045     67.588457268119896     -1.6999973071469804e-05      3.8835219023343492e-05
18  54      63.74486277268398     69.588457268119896      -2.512019480030368e-06      6.1441372360191289e-05
18  56     65.718603649948932     71.588457268119896     -2.6981076206739817e-05      4.0233697948530262e-05
18  58     67.694122363316751     73.588457268119896      -3.112553693964916e-05      4.7755635946695226e-05
18  60     69.671245248470058     75.588457268119896      -2.294050692424033e-05      2.2968948173663297e-05
20   2     20.198039027185569     20.396078054371138      0.00015801228679376006      5.1824547785395613e-05
20   4     20.770329614269009     21.540659228538015      5.8855819757948803e-05      6.0564684246753907e-05
20   6     21.661903789690601     23.320508075688775      2.4077972990161087e-05      4.5978494062155946e-05
20   8     22.806248474865697     25.320508075688775      9.6253492572426743e-06      5.4804849058488724e-05
20  10     24.142135623730951     27.320508075688775      6.5291439979040623e-05      5.5037175782390802e-05
20  12     25.620499351813308     29.320508075688775      2.2917581094819565e-05      6.6246612301054168e-05
20  14     27.204650534085253     31.320508075688775     -6.8357050301715141e-05      4.6461518172916895e-05
20  16     28.867962264113206     33.320508075688778     -6.1658871914723552e-05      3.6953085421371538e-05
20  18     30.591260281974002     35.320508075688778      -2.695419000436002e-05      3.8971336908980488e-05
20  20     32.360679774997898     37.320508075688778     -2.2033497771670319e-05      6.0403418582436756e-05
20  22     34.166091947189145     39.320508075688778     -1.9975876005740546e-05       4.981316508105445e-05
20  24                     36     41.320508075688778     -9.0217166346785596e-05      7.2924773745487571e-05
20  26     37.856776554368238     43.320508075688778     -9.9904695611749948e-05      5.1193622529100829e-05
20  28     39.732137494637016     45.320508075688778     -3.1777882674859776e-05      3.7960671131550171e-05
20  30     41.622776601683796     47.320508075688778      2.7403688071236688e-05      5.8717402439949299e-05
20  32     43.526109228480422     49.320508075688778     -7.0048384681709844e-05      7.7429888009438179e-05
20  34     45.440090293338699     51.320508075688778      4.5269038051175847e-05      6.8373268626627389e-05
20  36     47.363083384538811     53.320508075688778      5.3265659462061733e-05      5.7730317228246904e-05
20  38     49.293765408776999     55.320508075688778      -4.979260992541003e-05      3.8849034024481793e-05
20  40     51.231056256176608     57.320508075688778     -7.2243472333279591e-05      2.8178822180712516e-05
20  42     53.174066289845804     59.320508075688778     -1.8127994993269953e-05      4.0072911805524657e-05
20  44     55.122056690713912     61.320508075688778     -1.1633625746079744e-05      3.9715374372836329e-05
20  46     57.074409183759279     63.320508075688778     -2.9898316805870021e-05      8.0756019389600437e-05
20  48      59.03060268852505     65.320508075688778      1.5659885676759497e-06      5.7514417331482982e-05
20  50     60.990195135927848     67.320508075688778     -1.7752444674628854e-05      7.7805198335174013e-05
20  52     62.952809179494906     69.320508075688778      2.0199300286743885e-07      6.7111821892383648e-05
20  54     64.918120870983927     71.320508075688778     -4.3542729463494814e-05      6.4874626459990317e-05
20  56     66.885850613311561     73.320508075688778     -4.8331673677289777e-05      3.9788889408797803e-05
20  58     68.855755878248644     75.320508075688778     -1.3446029528634837e-05       3.005506136093093e-05
20  60     70.827625302982199     77.320508075688778     -5.6013065702020661e-05      2.2639529310379569e-05
22   2     22.180339887498949     22.360679774997898      7.0393175594029214e-05      3.2407539124085757e-05
22   4     22.704699910719626     23.409399821439251     -1.8857310015567182e-05      5.0848636542519017e-05
22   6     23.529964086141668     25.059928172283335     -2.7021905788909824e-05       4.174030337151668e-05
22   8     24.601470508735446     27.052558883257653      8.0509773750363678e-05      4.5339106658402509e-05
22  10     25.866068747318508     29.052558883257653      4.2371983149270231e-05      4.2013866803402844e-05
22  12     27.278820596099706     31.052558883257653     -2.3488723139632332e-05      4.9277198283372539e-05
22  14     28.804493814764857     33.052558883257653      -6.114119374250895e-05      6.1672201333716844e-05
22  16     30.416487838947599     35.052558883257653      -6.636604918509024e-05      5.2253018565560509e-05
22  18     32.095023109728984     37.052558883257653     -5.5672295586590359e-05      4.3903088129926245e-05
22  20     33.825424421026653     39.052558883257653     -5.9361793162370401e-05       5.946542984561885e-05
22  22     35.596747752497691     41.052558883257653     -9.0910853732680805e-05      4.4685078748708214e-05
22  24     37.400757564888167     43.052558883257653     -0.00012563266231742991      6.7715471235819041e-05
22  26     39.231188426986208     45.052558883257653      -6.070442972722051e-05       5.290772557422888e-05
22  28     41.083217912982647     47.052558883257653     -0.00012430452392944846      4.7616502515049821e-05
22  30     42.953090617340919     49.052558883257653     -2.3626831272338837e-05      4.3713049718515031e-05
22  32     44.837848631377263     51.052558883257653      3.8773953098389839e-05      4.4972421814948539e-05
22  34     46.735136770411273     53.052558883257653      5.8838148419968002e-05      7.9866970897938242e-05
22  36     48.643060449437421     55.052558883257653      5.3248008265759858e-05      7.2071697617817919e-05
22  38     50.560080889704963     57.052558883257653      4.8260308407814317e-05      4.2823855365872302e-05
22  40     52.484937025383083     59.052558883257653      3.2940743809501242e-06      5.4376928237266086e-05
22  42     54.416586692184822     61.052558883257653      3.2331287707874085e-05      4.8713207272116699e-05
22  44     56.354161881794269     63.052558883257653     -1.5041972036030289e-05      5.6635748575697803e-05
22  46     58.296934361541872      65.05255888325766      -3.042969756932524e-05      5.3068435903419772e-05
22  48     60.244289008980523      67.05255888325766      1.1817515078890102e-05      5.6227906067140128e-05
22  50     62.195702944680818      69.05255888325766     -3.8591911560280449e-05      6.4496010072832163e-05
22  52     64.150729063673253      71.05255888325766      2.6743739120297762e-06      5.6615284689064273e-05
22  54     66.108982933819419      73.05255888325766     -1.1340636385989498e-05      5.0263152630447733e-05
22  56     68.070132293521098      75.05255888325766     -1.3630512114110636e-05      5.5216947125103383e-05
22  58     70.033888572581759      77.05255888325766     -9.1728047359660844e-05      4.1715482147337222e-05
22  60                     72      79.05255888325766     -0.00014186196330310058      4.7001339228572051e-05
24   2     24.165525060596437     24.331050121192877      7.5860135434054185e-05       5.273719619978589e-05
24   4      24.64911064067352     25.298221281347036      5.9876200289994192e-05      3.9601815290636058e-05
24   6     25.416407864998739     26.832815729997478     -2.2791599390428837e-05      3.9437552124666735e-05
24   8     26.422205101855958     28.784609690826532     -4.2749723049952595e-06      5.2360467419101891e-05
24  10     27.620499351813308     30.784609690826532      1.4027039646847161e-05      6.1635394758116714e-05
24  12     28.970562748477139     32.784609690826528      3.4432306470029366e-05      8.5477029593906734e-05
24  14     30.439088914585774     34.784609690826528     -4.4660790890395319e-05      6.6675035306502928e-05
24  16                     32     36.784609690826528     -0.00011786722151566057      4.5225198182743601e-05
24  18     33.633307652783941     38.784609690826528     -6.2570329145239986e-05      5.4823791723935455e-05
24  20     35.323807579381203     40.784609690826528     -0.00015621851502874837      7.1567379412731757e-05
24  22     37.059928172283335     42.784609690826528      -0.0001734395414973577      7.4360970139317526e-05
24  24     38.832815729997478     44.784609690826528     -0.00016270678344112982      6.5468170457833521e-05
24  26      40.63564212655271     46.784609690826528     -0.00015388459795026579      4.6981202005077572e-05
24  28     42.463092423455635     48.784609690826528     -3.2625462764570086e-05       5.694119118372938e-05
24  30     44.310988842807021     50.784609690826528     -1.1247826650209872e-05      4.5902165852315614e-05
24  32     46.176014981270121     52.784609690826528     -1.7348179923550218e-05      5.3280655284305318e-05
24  34     48.055512754639892     54.784609690826528      2.1610732393268524e-05      5.9042554453159852e-05
24  36     49.947331922020552     56.784609690826528     -7.3674885497996364e-06      5.8665310681459212e-05
24  38     51.849717690342551     58.784609690826528     -5.3297759089203843e-05      2.9895282872801637e-05
24  40     53.761226035642203     60.784609690826528     -4.9457223417609518e-05      3.7640208973310172e-05
24  42      55.68065933568311     62.784609690826528      3.9336587114238497e-05      6.3275722974581819e-05
24  44     57.607017003965517     64.784609690826528      4.0505632192539921e-05       7.506490969335859e-05
24  46     59.539457296018853     66.784609690826528     -3.6933401006061377e-06      5.5343107129581541e-05
24  48     61.477267507411923     68.784609690826528     -4.6231814929093701e-05      4.9521665554484133e-05
24  50     63.419840528729765     70.784609690826528     -4.5807923855770209e-05      3.2828358147940604e-05
24  52     65.366656256505337     72.784609690826528      2.1168881317023803e-05      5.7521191163410399e-05
24  54      67.31726674375733     74.784609690826528     -2.7461771070920045e-05      4.6848323759134027e-05
24  56     69.271284253105421     76.784609690826528      1.3093345760649666e-05      5.2673799512525096e-05
24  58     71.228371579843383     78.784609690826528     -7.2463613378745658e-07      5.8287901608965932e-05
24  60     73.188234163113421     80.784609690826528      -6.173235438914845e-05      6.6746683423858413e-05
26   2     26.152946437965905     26.305892875931811      3.3122419005928931e-05      4.5657930737834311e-05
26   4     26.601470508735446     27.202941017470888      6.8207358115140291e-05      3.8674461179663302e-05
26   6     27.317821063276355     28.635642126552707     -2.4339536244979745e-05      5.5419683842326223e-05
26   8     28.264337522473745     30.516660498395407      3.5334567011042222e-05      5.9304423788045956e-05
26  10     29.401219466856727      32.51666049839541      2.1769430488237903e-05      4.0635431199660193e-05
26  12     30.691806012954132      34.51666049839541     -1.0190032480449824e-05      5.5103632040345121e-05
26  14     32.104973174542799      36.51666049839541      2.6621783391799806e-05      8.1982816023576838e-05
26  16       33.6155281280883      38.51666049839541     -1.4949569245246013e-05      3.9337849152020813e-05
26  18     35.203603311174518      40.51666049839541     -4.3077725618648659e-06       6.626913571701495e-05
26  20     36.853720883753127      42.51666049839541      -5.226309615992987e-05      0.00010786298220788857
26  22     38.553864678361279      44.51666049839541     -6.5890632403487942e-05      9.0300419060187877e-05
26  24     40.294688127912366      46.51666049839541     -0.00012590661615460744      5.3966999396863055e-05
26  26     42.068883707497264      48.51666049839541     -8.7007384714759496e-05      3.8073545625203398e-05
26  28     43.870698080866262      50.51666049839541      4.5789612458310092e-05       5.128001949451677e-05
26  30     45.695565448543633      52.51666049839541      2.7011934338430406e-05      6.1017597089333667e-05
26  32     47.539832078341085      54.51666049839541     -3.5550177756000501e-05      6.6504396003738833e-05
26  34     49.400549446402593      56.51666049839541      4.3036340806132753e-06      4.6320574876174256e-05
26  36     51.275318418009277      58.51666049839541      -7.994853994111771e-05      4.2864948985392711e-05
26  38     53.162171256046406      60.51666049839541     -8.9715518332839585e-05      4.4458449069612747e-05
26  40     55.059481689626182      62.51666049839541     -2.0888496618660035e-05      3.5477839556371661e-05
26  42     56.965895873961216      64.51666049839541      4.4028208281640035e-05      5.4020238588336602e-05
26  44     58.880278987817846      66.51666049839541      6.0291560126849345e-05      5.3250334614407139e-05
26  46     60.801673610868477      68.51666049839541        1.36512504588354e-05      4.6031207846473621e-05
26  48     62.729267036625423      70.51666049839541     -6.2344085602319434e-05      5.2345500103441597e-05
26  50     64.662365412357957      72.51666049839541     -5.5356364563040051e-05      5.0408624742123142e-05
26  52     66.600373133029592      74.51666049839541      9.7154769065395357e-06      5.9360455859442379e-05
26  54     68.542776307995268      76.51666049839541      8.7997073123718118e-05      4.7175941888302197e-05
26  56     70.489129407219238      78.51666049839541      8.9685710717508235e-05      4.4503049428071063e-05
26  58     72.439044406854322      80.51666049839541      4.5929066801969879e-06      4.7044115641486084e-05
26  60     74.392181912683313      82.51666049839541     -6.7921105783139805e-06       6.382184994948144e-05
28   2     28.142135623730951     28.284271247461902      -3.361471136831917e-05      3.1166525837071673e-05
28   4     28.560219778561034     29.120439557122072      0.00010084664704633985      3.0053762773832986e-05
28   6     29.231546211727817     30.463092423455635      4.2281055535126815e-05      5.4577887733583654e-05
28   8     30.124515496597098     32.249030993194197      2.6483561290499912e-05      6.0767152867797362e-05
28  10     31.204650534085253     34.248711305964285     -1.8538930476120505e-05      4.1859799379514812e-05
28  12     32.439088914585774     36.248711305964285     -8.6791625645296065e-06      3.2849576211427134e-05
28  14     33.798989873223334     38.248711305964285      4.1063930517530307e-05      5.8420322025768579e-05
28  16       35.2602916254693     40.248711305964285      9.2014740321410177e-05      3.8296874942036872e-05
28  18     36.803508501982762     42.248711305964285      1.6710141279199966e-05      7.3327555552621523e-05
28  20     38.413111231467404     44.248711305964285      4.7843155149589657e-05      8.3591451168427345e-05
28  22     40.076809620810593     46.248711305964285     -2.5071334127717742e-06      6.3165261113873317e-05
28  24     41.784887978899604     48.248711305964285     -9.7923920298179871e-05       4.893284703738679e-05
28  26     43.529646120466801     50.248711305964285     -0.00012933830813228146      4.3774207089880215e-05
28  28     45.304951684997057     52.248711305964285     -7.2898818798160776e-05      3.7551340344490736e-05
28  30     47.105890714493697     54.248711305964285       2.868691612103051e-05      5.2093306052171376e-05
28  32     48.928498393145958     56.248711305964285     -8.0630593925788259e-06      5.7005070797645253e-05
28  34      50.76955262170047     58.248711305964285     -4.6065346049205696e-05      5.6360260402509637e-05
28  36     52.626415831655933     60.248711305964285     -8.1933714835190095e-05      4.0773054717302044e-05
28  38     54.496913462633174     62.248711305964285     -4.8416745229300265e-05       5.627777517932604e-05
28  40     56.379240200834182     64.248711305964292      -6.617053753758691e-05      8.1911150107851844e-05
28  42     58.271887242357309     66.248711305964292       4.788470255215012e-05      6.0814754941782669e-05
28  44     60.173585522460783     68.248711305964292      4.5072612268886617e-05      5.5330261070332792e-05
28  46     62.083261120685229     70.248711305964292      -7.397442519331097e-07      3.6469135454514155e-05
28  48                     64     72.248711305964292      1.0480331229302231e-06      4.2279451889344642e-05
28  50     65.923019942988674     74.248711305964292     -4.6715194712212786e-05      5.0509117881064407e-05
28  52     67.851648071345039     76.248711305964292      3.8083562835326036e-05      4.3587142775409423e-05
28  54     69.785302723925412     78.248711305964292       9.483343942513951e-05      4.3156412762643453e-05
28  56     71.723478758647246     80.248711305964292       8.340852168131193e-05       5.414354523306839e-05
28  58     73.665735560705201     82.248711305964292      4.7623076246370323e-05      5.1003464198345032e-05
28  60     75.611687202997445     84.248711305964292      1.2335806064696698e-05       5.720722367375684e-05
30   2     30.132745950421558     30.265491900843113      -7.010507772350952e-05      5.3187833912976545e-05
30   4     30.524174696260026     31.048349392520048        9.35871516441043e-06      5.0348659759138313e-05
30   6      31.15549442140351     32.310988842807021      4.4940602269043854e-05      5.5347350930891203e-05
30   8                     32                     34     -3.1305979114590097e-05      2.8537005992289165e-05
30  10     33.027756377319946      35.98076211353316     -7.1656799527109781e-05      4.5691946711206567e-05
30  12     34.209372712298546      37.98076211353316     -8.6614840204699009e-06      4.4198611148659884e-05
30  14     35.518284528683196      39.98076211353316      1.1690385340050069e-05      4.1080479974813976e-05
30  16     36.931712199461309      41.98076211353316      1.1169251650490401e-05      4.9460858958032933e-05
30  18     38.430749027719962      43.98076211353316     -4.4370943278002095e-06      6.4149912874746876e-05
30  20                     40      45.98076211353316     -6.9546333699729788e-06      7.8166596048138997e-05
30  22       41.6270539113887      47.98076211353316      9.7055587987697256e-06      6.9787760177791186e-05
30  24     43.301943396169811      49.98076211353316     -5.5911723196139883e-05      5.1750927141834786e-05
30  26     45.016662039607269      51.98076211353316     -7.1418248048615203e-05      5.3742864212206546e-05
30  28      46.76476034853718      53.98076211353316     -4.9310256275998439e-06      3.3179358583501666e-05
30  30     48.541019662496844      55.98076211353316     -1.3052268310101003e-06      4.5363452063373219e-05
30  32     50.341194094144583      57.98076211353316       7.005189781519683e-06       3.707481145626233e-05
30  34     52.161808352124091      59.98076211353316     -5.1777269795479979e-05      7.5220677514048744e-05
30  36                     54      61.98076211353316     -8.2275819666330273e-05      7.0678593441665536e-05
30  38     55.853396431630991      63.98076211353316     -8.9033525966676042e-05      5.7409582087241992e-05
30  40     57.720018726587654      65.98076211353316      -2.171500154690489e-07      6.0484014922159956e-05
30  42     59.598206241955516      67.98076211353316      1.9049927240500896e-05      7.0866578096005943e-05
30  44     61.486557196677836      69.98076211353316      4.4248387847427691e-05      7.1779726484313806e-05
30  46     63.383881613611777      71.98076211353316     -2.6693214124239685e-05      5.3304506146939333e-05
30  48     65.289163842720626      73.98076211353316      8.3370620658998748e-07      6.5363547920187362e-05
30  50     67.201532544552748      75.98076211353316     -1.7193780954969824e-05      6.9713250129540522e-05
30  52     69.120236510939236      77.98076211353316      6.9299342678859357e-05      5.4854294113379105e-05
30  54     71.044625076808217      79.98076211353316      3.7050690279206834e-05      5.9259044763818259e-05
30  56     72.974132162542986      81.98076211353316      3.1003916424635743e-05      6.7667812805438258e-05
30  58     74.908263203000644      83.98076211353316     -1.9930466065575019e-05      5.8200123511701482e-05
30  60     76.846584384264901      85.98076211353316     -3.3114524553409744e-05      6.8120677913744297e-05
32   2     32.124515496597098     32.249030993194197        5.70838115636427e-05      4.2239693214099987e-05
32   4     32.492422502470646     32.984845004941285      5.5321942661936216e-05      6.9322786701781137e-05
32   6     33.088007490635064     34.176014981270121      2.0960361602064995e-05      6.6202130681315704e-05
32   8     33.888543819998318     35.777087639996637     -3.5429070298472991e-05      4.2823796407815746e-05
32  10     34.867962264113203     37.712812921102042      3.3469912831001813e-06      4.9093721151282996e-05
32  12                     36     39.712812921102042     -6.0955953182293374e-06      5.0907823981137145e-05
32  14       37.2602916254693     41.712812921102042     -1.6406094550490652e-05      4.4108951085801957e-05
32  16     38.627416997969519     43.712812921102042     -6.6106996939520473e-05      7.7934013346783452e-05
32  18     40.083189157584592     45.712812921102042      2.8452036913980029e-05      6.8948046323907741e-05
32  20     41.612496949731394     47.712812921102042      2.8023858730861528e-05      8.7250514898337529e-05
32  22     43.202941017470891     49.712812921102042      3.4735051628899434e-06      7.6221429462176597e-05
32  24     44.844410203711917     51.712812921102042      6.3614128520197369e-06      5.8328336923743287e-05
32  26     46.528675044947491     53.712812921102042      1.8275987673339792e-05      5.5784555608041596e-05
32  28     48.249030993194197     55.712812921102042     -1.2967109623299405e-06      5.6779493057703274e-05
32  30                     50     57.712812921102042      -1.369580805240911e-05      4.7541549423692575e-05
32  32     51.777087639996637     59.712812921102042      6.0773560218706424e-06      4.6089683803106869e-05
32  34     53.576588456111871     61.712812921102042     -6.9816976690860997e-05      7.7658804197807774e-05
32  36     55.395431207184416     63.712812921102042     -0.00016513333367738049      4.9879690519915236e-05
32  38     57.231056256176608     65.712812921102042     -0.00010329907732568566      5.3385289755540604e-05
32  40      59.08131845707603     67.712812921102042      3.9257112474466026e-06      6.3792259328345421e-05
32  42     60.944410108488462     69.712812921102042      -3.561332079900225e-06      5.9047731595837939e-05
32  44     62.818799642878503     71.712812921102042      7.8895238259700695e-06       4.041531245947521e-05
32  46     64.703182647543684     73.712812921102042       1.327749810732172e-05      7.7157609074755021e-05
32  48     66.596442562694079     75.712812921102042      7.6463431455702023e-06      5.0761976836029434e-05
32  50     68.497618993626759     77.712812921102042     -1.7770831401835077e-05      6.4173753528484073e-05
32  52     70.405882034941783     79.712812921102042      3.0617419929459554e-05      5.9326598889055692e-05
32  54     72.320511361314885     81.712812921102042      5.2185536394745755e-05      5.4650380603713605e-05
32  56     74.240879114244137     83.712812921102042      3.6098694172214982e-05      6.4854111734080172e-05
32  58     76.166435825965294     85.712812921102042      -2.738447315476998e-05      3.8239812655510055e-05
32  60     78.096698785040104     87.712812921102042     -3.5190331389389847e-05      5.1807643526985959e-05
34   2      34.11724276862369      34.23448553724738     -1.3258085804409999e-05      7.4738867952608821e-05
34   4     34.464249196572979     34.928498393145958     -3.1509381675330141e-05      6.8611398854929537e-05
34   6     35.027756377319946     36.055512754639892      1.2046731993149469e-05      7.1608185522043918e-05
34   8     35.788294228055932     37.576588456111871     -5.0324921675290082e-06       5.524781436675965e-05
34  10     36.723082923316021     39.444863728670917       7.948238206674991e-05       6.144938107247246e-05
34  12     37.808652046684813     41.444863728670917      1.8927090113229385e-05      6.5065753360750751e-05
34  14     39.022715545545239     43.444863728670917     -4.4439000028967442e-05      4.6720611437652577e-05
34  16     40.345235059857501     45.444863728670917     -9.5354684274277752e-05      6.2376943902459639e-05
34  18     41.758836806279895     47.444863728670917      -2.221193345203959e-05      4.2110217270796639e-05
34  20     43.248809496813379     49.444863728670917      2.2431477226289772e-05      5.0094988719259234e-05
34  22     44.802877548915689     51.444863728670917      4.7408778756640463e-05      6.8743559201090505e-05
34  24     46.410882339705481     53.444863728670917       8.478773929514008e-05      7.4241644069697325e-05
34  26     48.064449134018133     55.444863728670917      6.0595264481060837e-05      6.3757574328129969e-05
34  28     49.756678708318397     57.444863728670917      1.0321597380619953e-05      5.3692637823274902e-05
34  30     51.481879299133332     59.444863728670917     -1.3253512782059871e-05      4.3469709003662658e-05
34  32     53.235341863986875     61.444863728670917     -1.3252410945629731e-05      4.9769628592567074e-05
34  34     55.013155617496423     63.444863728670917     -9.8027635244129951e-05      6.7444436496905556e-05
34  36     56.812058474788763     65.444863728670924     -0.00018260770522857139      5.9765351136886252e-05
34  38     58.629316592997299     67.444863728670924     -0.00013829330626711629      5.9695844614843428e-05
34  40      60.46262762420146     69.444863728670924     -3.9266983504930965e-05      6.5202331578263276e-05
34  42     62.310043036836767     71.444863728670924      4.5317599585539672e-05      5.3005362660892295e-05
34  44     64.169905660283021     73.444863728670924      4.0719949553817046e-05      5.6730862020245563e-05
34  46     66.040799340956909     75.444863728670924     -1.7388320399199813e-05      6.7459987993891891e-05
34  48     67.921508225896062     77.444863728670924      2.0399911177145985e-05      5.8023471307938379e-05
34  50     69.810983706043572     79.444863728670924     -9.2002226620901665e-06      5.0457487945360286e-05
34  52     71.708317466359716     81.444863728670924      5.4228644475151065e-05      3.5100192996940348e-05
34  54     73.612719418872643     83.444863728670924      1.5139060593805625e-06      5.1092819649661685e-05
34  56     75.523499553598128     85.444863728670924      1.3702589550940232e-05      5.7034818770390879e-05
34  58     77.440052945046304     87.444863728670924     -4.8474282116768949e-05       5.882963206381607e-05
34  60     79.361847310675458     89.444863728670924     -7.6174962301370878e-05      1.7166781053395145e-05
36   2     36.110770276274835     36.221540552549669     -7.1376064881419873e-05      6.5198161884551088e-05
36   4     36.439088914585774     36.878177829171548     -1.1957555384089899e-05      7.7826765451357528e-05
36   6     36.973665961010276     37.947331922020552     -1.3940987432187501e-05      6.2754980301031244e-05
36   8     37.697715603592208     39.395431207184416     -2.7351402216159521e-05      7.1598002898005256e-05
36  10     38.591260281974002     41.182520563948003       5.947678400743811e-05      6.9559332894674801e-05
36  12     39.633307652783941     43.176914536239799      5.0697833609540533e-05      7.6101686861263838e-05
36  14     40.803508501982762     45.176914536239799      3.9509486177699577e-05      6.9581632112727528e-05
36  16     42.083189157584592     47.176914536239799      1.3764350315009645e-05      4.2603377301793417e-05
36  18      43.45584412271571     49.176914536239799      1.4081530563697127e-05      4.5668140476545642e-05
36  20      44.90724809414742     51.176914536239799      8.6989229650861468e-05      5.1541049377487586e-05
36  22     46.425340807103794     53.176914536239799      4.4092620344668996e-05      6.1050687602177568e-05
36  24                     48     55.176914536239799      5.6677569885138841e-05       6.588737809619155e-05
36  26     49.622776601683796     57.176914536239799      1.3643565440749725e-05      5.6461374575281722e-05
36  28     51.286633954186478     59.176914536239799      8.2189067298119004e-05      4.3540190964615885e-05
36  30     52.985711369071801     61.176914536239799      -1.896187491789006e-05      3.3999077349951969e-05
36  32     54.715119501371639     63.176914536239799     -2.0889301163393072e-05       4.060544731247922e-05
36  34     56.470768123342687     65.176914536239792      -1.735508157713998e-05      3.0320288029825486e-05
36  36     58.249223594996216     67.176914536239792      -0.0001060633968486207      6.6902125098569461e-05
36  38     60.047592083257278     69.176914536239792      -7.474153495194603e-05      7.6707186868360097e-05
36  40     61.863424398922618     71.176914536239792      8.3527496992996757e-06      6.3745314881239105e-05
36  42     63.694638635183452     73.176914536239792      8.8625596364340465e-05      5.4077045982548211e-05
36  44     65.539457296018853     75.176914536239792      0.00011224531515263404      3.8578072928709454e-05
36  46     67.396356140913866     77.176914536239792      1.3768759223160119e-05      3.3205158538301713e-05
36  48     69.264022471905179     79.176914536239792      3.1391623869639819e-05      4.5078146938149769e-05
36  50     71.141321022345693     81.176914536239792      2.7484978813500893e-05      5.6582246583576875e-05
36  52     73.027265968790417     83.176914536239792      0.00010856781810987618      7.7461783263758414e-05
36  54     74.920997883030822     85.176914536239792     -4.2751439735121435e-05      5.4216992551526772e-05
36  56     76.821764679410961     87.176914536239792       6.372571880214357e-05      3.6127112245983763e-05
36  58     78.728905802755904     89.176914536239792     -6.1131611377930671e-05      3.5094532953090575e-05
36  60     80.641839053463301     91.176914536239792      7.9584118832200548e-06      6.3660843875385772e-05
38   2     38.104973174542799     38.209946349085598     -2.5543868357810441e-05      6.6653765669764001e-05
38   4     38.416487838947603     38.832975677895199     -3.4669711337098964e-06      7.0852942240434092e-05
38   6     38.924858845171272     39.849717690342551       3.275716329004829e-05      6.0837270698023256e-05
38   8       39.6155281280883     41.231056256176608      5.3834548200041297e-05      8.3506203474400818e-05
38  10     40.470910553583892     42.941821107167776      5.2478319182860983e-05      7.7048382871049818e-05
38  12     41.472205054244228     44.908965343808674      7.6073863546768572e-05      7.9217886202473828e-05
38  14      42.60084744241189     46.908965343808674      0.00011330215743983991      4.2377255246311776e-05
38  16     43.839484696748443     48.908965343808674      8.9069677674232238e-05      2.3283566532213029e-05
38  18     45.172504656604801     50.908965343808674      5.0880165457257156e-05      4.8825019810882468e-05
38  20     46.586228448267448     52.908965343808674      2.8607769282342827e-05      5.6055837970082793e-05
38  22     48.068883707497264     54.908965343808674      7.5407307842329066e-05      4.6099854028217388e-05
38  24     49.610455730027937     56.908965343808674      4.8338576397031623e-05      5.4472373577417823e-05
38  26     51.202484376209235     58.908965343808674      4.5869334098570665e-05      5.2405428081896425e-05
38  28     52.837848631377263     60.908965343808674      0.00010295411237296852      5.4055448291647073e-05
38  30     54.510561809129406     62.908965343808674       5.445307224228985e-05       5.342500614730458e-05
38  32     56.215588131856791     64.908965343808674      1.9889713559961029e-05      5.2795851308093049e-05
38  34     57.948684188300895     66.908965343808674     -2.1873949344679588e-05      5.0275605121607088e-05
38  36      59.70626487409524     68.908965343808674     -5.5453690986870152e-05      6.5211109147843483e-05
38  38     61.485291572496003     70.908965343808674     -8.2290303916901194e-06      4.6329989200761766e-05
38  40     63.283179650969061     72.908965343808674      9.0586850494800281e-05      5.1450835788419163e-05
38  42     65.097722286464432     74.908965343808674      0.00014354303554638888      3.7496579882780081e-05
38  44     66.927027865287045     76.908965343808674       8.147539945133994e-05      4.4331462522275714e-05
38  46     68.769468552517225     78.908965343808674      4.6278223689300369e-06      4.3544801210837037e-05
38  48     70.623637996561229     80.908965343808674     -4.0472623191400192e-05       7.948672336435445e-05
38  50     72.488316481265329     82.908965343808674      7.3919099790081724e-05      6.2776615164674608e-05
38  52     74.362442142665628     84.908965343808674      4.8379206029259346e-05      4.9655591589826468e-05
38  54     76.245087125446844     86.908965343808674     -4.6929899713326123e-05      1.8167657026662857e-05
38  56     78.135437767890068     88.908965343808674      2.1585102558119885e-05      4.9251963776520477e-05
38  58     80.032778078668514     90.908965343808674      9.9224612271802354e-06      5.1324109352183313e-05
38  60     81.936475910238244     92.908965343808674       2.390963061599182e-05      7.0624844221951698e-05
40   2      40.09975124224178      40.19950248448356      1.3132328476779807e-05      5.2073256385946268e-05
40   4     40.396078054371138     40.792156108742276      3.9225781183329793e-05      6.3929211377611856e-05
40   6     40.880613017821105     41.761226035642203     -4.0455138358322864e-05       6.677378469517805e-05
40   8     41.540659228538019      43.08131845707603      7.5222384489669831e-05      4.2531084685680035e-05
40  10     42.360679774997898     44.721359549995796      0.00012034692458264087      9.0311698478756452e-05
40  12     43.323807579381203     46.641016151377549      9.0621508424806906e-05      7.8324364132158742e-05
40  14     44.413111231467404     48.641016151377549      4.8166445563848498e-05      6.5263899898829867e-05
40  16     45.612496949731394     50.641016151377549      7.0261960414094618e-05      3.9561437957193802e-05
40  18      46.90724809414742     52.641016151377549      0.00011384322545593041      5.2180512032204842e-05
40  20     48.284271247461902     54.641016151377549       9.168463227629054e-05      4.4342305561853906e-05
40  22     49.732137494637016     56.641016151377549      6.4003618213359428e-05      6.6784343345047627e-05
40  24     51.240998703626616     58.641016151377549      3.3905209741700097e-05      4.6551928638994263e-05
40  26     52.802438933713454     60.641016151377549      9.0617608219769027e-05      4.4895474666092662e-05
40  28     54.409301068170507     62.641016151377549      0.00010683631889319111      4.9295328569872361e-05
40  30     56.055512754639892     64.641016151377556      2.3824013270470085e-05      6.9546800243075867e-05
40  32     57.735924528226413     66.641016151377556      4.0505038732922813e-05      3.2715020861100222e-05
40  34     59.446165846632042     68.641016151377556          -2.59874035681e-05       5.962929863778679e-05
40  36     61.182520563948003     70.641016151377556      1.2150216780262797e-05      6.4201033545331109e-05
40  38     62.941821107167776     72.641016151377556      3.3657271294964161e-05      3.0679423336447137e-05
40  40     64.721359549995796     74.641016151377556      5.9642116976820702e-05      3.8278452854434428e-05
40  42     66.518813398452039     76.641016151377556      0.00013513176461527789      5.8197136906349666e-05
40  44     68.332183894378289     78.641016151377556      0.00010719686884131054      6.7563257622395601e-05
40  46     70.159744815937813     80.641016151377556      1.3092801472539248e-05      5.9288587166907196e-05
40  48                     72     82.641016151377556      2.4367473961489365e-05      6.2934804512595991e-05
40  50     73.851648071345039     84.641016151377556      4.9041129632664582e-05      5.9530750872169815e-05
40  52     75.713553108736477     86.641016151377556      7.0327501261603913e-05      6.1366897553860738e-05
40  54     77.584720195551881     88.641016151377556     -4.4275636667439382e-05       6.436345122236147e-05
40  56     79.464274989274031     90.641016151377556     -4.6296479017495984e-06      3.3495983686617869e-05
40  58     81.351446600711867     92.641016151377556     -2.2154357889524577e-05      7.0358593184359901e-05
40  60     83.245553203367592     94.641016151377556     -8.8886019029994769e-07      7.1168561577642658e-05
42   2     42.095023109728984     42.190046219457976     -2.5532976313959242e-05      7.4301414885591193e-05
42   4     42.377558326431952     42.755116652863897     -5.8080026913679801e-05      6.4901398877543971e-05
42   6     42.840329667841559      43.68065933568311     -4.8450459348220063e-05       8.052387275051624e-05
42   8     43.472205054244228     44.944410108488462      5.5978075360910422e-05      4.4987109103547162e-05
42  10      44.25940669922602     46.518813398452032      9.9699802606128879e-05      4.6923890572404773e-05
42  12     45.186773244895647     48.373546489791295     -6.6600613555359733e-06      7.7962563088979805e-05
42  14     46.238858928247922     50.373066958946424      3.8548515947089229e-05      5.8621207507201472e-05
42  16     47.400757564888167     52.373066958946424      2.5508254403348181e-05      5.0919901801398962e-05
42  18     48.658633371878665     54.373066958946424       0.0001015973632904003      4.6881120607949762e-05
42  20                     50     56.373066958946424        6.66690785217898e-05      5.7476896914930296e-05
42  22     51.413812651491099     58.373066958946424     -1.3163584761742191e-05       5.908646778644811e-05
42  24     52.890437438203946     60.373066958946424      5.5828122967839865e-05       5.132931706867858e-05
42  26     54.421549934136806     62.373066958946424      5.8445281727519725e-05      5.8216142526703946e-05
42  28                     56     64.373066958946424      0.00014757285360818075      6.0382234174768917e-05
42  30      57.61966684720111     66.373066958946424      4.6645381803973838e-05      5.7497434826995118e-05
42  32     59.275318418009277     68.373066958946424     -1.4968563768237639e-05      2.6823145246616086e-05
42  34     60.962482405376171     70.373066958946424      -2.976977861981986e-05      3.9750437304283467e-05
42  36     62.677331968349414     72.373066958946424     -7.7721189353700918e-06      3.6500083309087574e-05
42  38     64.416586692184822     74.373066958946424      2.7928456197669922e-05      6.5899165693856219e-05
42  40     66.177427992306065     76.373066958946424      0.00010609605678975098      6.9356700691528458e-05
42  42     67.957427527495582     78.373066958946424       8.947612959817412e-05      9.6040936141897747e-05
42  44     69.754486972995622     80.373066958946424      0.00011460654231400927      9.2854532819812552e-05
42  46     71.566787519082126     82.373066958946424      6.1342327451598929e-06      5.5144552039082496e-05
42  48     73.392747589718937     84.373066958946424      2.6992282336720032e-05      6.2104308510858245e-05
42  50     75.230987451825001     86.373066958946424     -4.5451366300800133e-06      8.1276031829431071e-05
42  52     77.080299571239806     88.373066958946424     -0.00012800817502902888      5.4304121540820886e-05
42  54     78.939623747483893     90.373066958946424     -6.4144330163243372e-05      4.6850926326038872e-05
42  56     80.808026217222718     92.373066958946424      1.2255339444440475e-05      4.4870993294344022e-05
42  58     82.684682053164551     94.373066958946424      2.8289242715209574e-05      7.9955720765023853e-05
42  60     84.568860301251277     96.373066958946424      3.9451194670499913e-05      3.9519938413819557e-05
44   2     44.090722034374522     44.181444068749045      4.8351574081826014e-05      5.7849617224068989e-05
44   4     44.360679774997898     44.721359549995796     -2.3276692316050292e-05      3.8583593138593938e-05
44   6     44.803508501982762     45.607017003965517     -7.4004869946439543e-05      6.8333183100491445e-05
44   8     45.409399821439251     46.818799642878503     -3.2182257358198561e-06      5.5138289185163025e-05
44  10     46.166091947189145     48.332183894378289      6.9190678103330316e-05      7.0129041897636353e-05
44  12     47.059928172283335     50.119856344566671      2.2242953164635885e-05      6.3634646365601078e-05
44  14     48.076809620810593     52.105117766515306       4.254016330308031e-05      4.2368567441611099e-05
44  16     49.202941017470891     54.105117766515306      4.2553954881029313e-05      5.9389689508525522e-05
44  18     50.425340807103794     56.105117766515306      5.0771107790008024e-05       4.533346570156464e-05
44  20     51.732137494637016     58.105117766515306      3.7056128099200266e-05      2.3470153639648069e-05
44  22     53.112698372208087     60.105117766515306      3.0212195068100195e-06      7.5957936325681192e-05
44  24     54.557641192199412     62.105117766515306      2.0184097264699745e-06      5.7341673568702677e-05
44  26     56.058772731852805     64.105117766515306      2.3115516550120977e-05      7.5710975732945591e-05
44  28     57.608987629529715     66.105117766515306      4.5803165500343825e-05      6.6827226423990074e-05
44  30      59.20215047547655     68.105117766515306      8.3943316795970308e-05      5.8092210790186404e-05
44  32     60.832975677895199     70.105117766515306      3.0362977718971199e-07      3.4605571361934434e-05
44  34     62.496913462633174     72.105117766515306     -4.4277612595640044e-05      3.6784297484543142e-05
44  36     64.190046219457969     74.105117766515306     -7.7021610692619663e-05      2.2018207163030794e-05
44  38     65.908996800200299     76.105117766515306     -3.0273406590827916e-06      4.0581844697407713e-05
44  40     67.650848842053307     78.105117766515306      3.8371755718149208e-05      6.6400720144185673e-05
44  42     69.413078364518782     80.105117766515306       0.0001101333735023205      8.4440458522754878e-05
44  44     71.193495504995383     82.105117766515306       4.044601963880386e-05      8.2832193120791815e-05
44  46     72.990195135927848     84.105117766515306     -4.6403642696770433e-05      7.1560989338720186e-05
44  48     74.801515129776334     86.105117766515306     -8.4385694677400394e-06      6.5550938528144477e-05
44  50     76.626001134990645     88.105117766515306     -1.5304115450339055e-05      7.8852978532164961e-05
44  52     78.462376853972415     90.105117766515306     -7.4482817679599348e-06      6.4045587823305359e-05
44  54     80.309518948453004     92.105117766515306      2.1161825941278308e-05      4.3717144759288325e-05
44  56     82.166435825965294     94.105117766515306      1.8034816628576885e-05      4.3334453950182419e-05
44  58     84.032249677083286     96.105117766515306      1.5145050222039922e-05      7.7764057606825637e-05
44  60     85.906181234681839     98.105117766515306     -4.7746472249040302e-05      5.6238606289851554e-05
46   2     46.086792761230392     46.173585522460783     -4.2868489081050083e-05      3.3607430904987085e-05
46   4     46.345235059857501     46.690470119715009      2.4351079649613451e-05      3.7235043802895791e-05
46   6     46.769728648009426     47.539457296018853     -1.8741530582215186e-05      6.8979338306634596e-05
46   8     47.351591323771842     48.703182647543684     -8.4190829772349686e-05      5.4973344674730757e-05
46  10     48.079872407968907     50.159744815937813      1.5850966930569395e-05      7.1646885155799282e-05
46  12      48.94224354214569     51.884487084291386      5.4635582603126408e-05      5.9792424853748366e-05
46  14      49.92582403567252     53.837168574084188      0.00010630692327178909      2.9862348055344406e-05
46  16     51.017851452243804     55.837168574084188      3.6499746469263806e-05      4.4614593949572986e-05
46  18     52.206163733020468     57.837168574084188        6.57830418849966e-05      5.4112120196303404e-05
46  20     53.479501308256346     59.837168574084188      6.2135302604740135e-05      2.5734396302590812e-05
46  22     54.827660925679098     61.837168574084188      4.6641414287991772e-06      5.7303915074777451e-05
46  24     56.241540277189323     63.837168574084188     -8.8908324946134789e-06      5.6932599315440736e-05
46  26     57.713109915419565     65.837168574084188     -4.6420261434419848e-05      5.0338379736814454e-05
46  28     59.235341863986875     67.837168574084188      6.0884309567029476e-05      6.1233840391325406e-05
46  30     60.802116342871599     69.837168574084188      9.0687172878398995e-05      6.3916277044297838e-05
46  32     62.408120990476064     71.837168574084188      3.5613618820000009e-05      5.0566200408940545e-05
46  34     64.048751503547578     73.837168574084188      -1.903777558139339e-05      6.1517749983057538e-05
46  36     65.720018726587654     75.837168574084188     -5.6388535646397352e-06       3.252247575998921e-05
46  38     67.418464629025621     77.837168574084188     -2.5662362422860321e-05       3.452369038658447e-05
46  40     69.141087980237302     79.837168574084188      9.1822931764655127e-05      3.7538065617380994e-05
46  42     70.885279575251516     81.837168574084188      4.7293109751329155e-05      3.8343345546725126e-05
46  44     72.648766349225639     83.837168574084188     -1.9660785236839837e-05      5.0292038254745284e-05
46  46     74.429563482495155     85.837168574084188     -2.1204184863799811e-05      6.2693701060943162e-05
46  48     76.225933528685061     87.837168574084188      3.6394013799802561e-07      3.5608455335769003e-05
46  50     78.036351623268047     89.837168574084188     -7.8851678027979283e-05      5.2473193401574294e-05
46  52        79.859475903318     91.837168574084188     -3.8115647766639437e-05      6.2355801800765046e-05
46  54     81.694122363316751     93.837168574084188      4.1342375314270159e-05      5.4809596242567217e-05
46  56     83.539243470661233     95.837168574084188       2.734656195805014e-05      4.1063811424179905e-05
46  58     85.393909959225994     97.837168574084188     -2.0712623559969319e-05      8.8171363987729192e-05
46  60     87.257295305669373     99.837168574084188     -0.00012491846758715927      5.0264583275774575e-05
48   2     48.083189157584592     48.166378315169183      6.4569273473533964e-05      4.6257872443179679e-05
48   4     48.331050121192874     48.662100242385755      5.2497024326519967e-05      5.1445334107444144e-05
48   6     48.738633753705962     49.477267507411923      0.00010586610600652018      6.2938662263790262e-05
48   8      49.29822128134704     50.596442562694072     -2.9766992471950146e-05      5.6755721576082883e-05
48  10                     50                     52      2.4949518662780389e-05      6.5358657058173488e-05
48  12     50.832815729997478     53.665631459994955      0.00011601916052906858      5.0228813575724986e-05
48  14     51.784887978899604     55.569219381653063       0.0001333722485271492      4.3382087940922264e-05
48  16     52.844410203711917     57.569219381653063      0.00012790743638488089      4.3006885641302531e-05
48  18                     54     59.569219381653063       4.210337048192037e-05      6.2270149629242331e-05
48  20     55.240998703626616     61.569219381653063      -5.060337925825405e-05      5.9962489147516606e-05
48  22     56.557641192199412     63.569219381653063     -9.4448347262165897e-08      5.6250970849035765e-05
48  24     57.941125496954278     65.569219381653056     -2.0107784348009867e-05      5.4035438917961946e-05
48  26     59.383612025908263     67.569219381653056     -8.2595675158972883e-07      6.3085813872475622e-05
48  28     60.878177829171548     69.569219381653056      7.9548429969999378e-06      5.0336276127452603e-05
48  30     62.418745424597091     71.569219381653056      8.6760916492630108e-05       5.882626498629971e-05
48  32                     64     73.569219381653056      9.9903134971230883e-05      7.1489895916557203e-05
48  34     65.617304093369626     75.569219381653056      3.0069120303816233e-06        6.31061442010149e-05
48  36     67.266615305567882     77.569219381653056      6.8635523195715043e-07      5.7307252358952385e-05
48  38     68.944410108488455     79.569219381653056     -1.8996179247100069e-05      3.4130840257341272e-05
48  40     70.647615158762406     81.569219381653056     -2.7314194456448978e-06       3.339140151569401e-05
48  42     72.373546489791295     83.569219381653056     -2.0574413382923805e-05      4.2515637447959274e-05
48  44     74.119856344566671     85.569219381653056     -6.4657224610582264e-05      6.4647937371348219e-05
48  46     75.884487084291379     87.569219381653056     -7.7750481770030071e-05      4.0584866735766183e-05
48  48     77.665631459994955     89.569219381653056     -6.4227694410419025e-05      3.3371645404211258e-05
48  50     79.461698495448189     91.569219381653056     -8.3857928241550187e-05      4.0669075592119512e-05
48  52     81.271284253105421     93.569219381653056     -7.6711642998308872e-05      4.7118428664272873e-05
48  54     83.093146810776631     95.569219381653056     -6.0255702898871972e-05      4.0861749134048882e-05
48  56     84.926184846911269     97.569219381653056     -5.3395394011880481e-05      3.9851570201949535e-05
48  58     86.769419305900868     99.569219381653056     -8.3335092667920593e-05      5.6017333432415293e-05
48  60     88.621977685614041     101.56921938165306     -0.00013325402042220187      4.7433694643014196e-05
50   2     50.079872407968907     50.159744815937813      4.3597918775600295e-05      5.0874285852937994e-05
50   4      50.31797780234433     50.635955604688654      9.4490677754089869e-05      6.0913987623274453e-05
50   6     50.709920264364882     51.419840528729765      0.00011224618046508996      6.5411298296302103e-05
50   8     51.248809496813379     52.497618993626752       2.108082307573001e-05      6.6948452494764799e-05
50  10      51.92582403567252     53.851648071345039      4.5733759296963707e-05      4.2142610019636195e-05
50  12     52.730849247724095     55.461698495448189      7.7944998889457149e-05      6.2700253205770972e-05
50  14     53.653097563788805      57.30619512757761      0.00010849412275941058      4.7658113421847947e-05
50  16     54.681644159311659     59.301270189221938      0.00011312667392770286      5.8981281328502449e-05
50  18     55.805843601498722     61.301270189221938     -3.1435512701369627e-05      5.4191763825321986e-05
50  20     57.015621187164243     63.301270189221938      4.5127979809460343e-06      7.0197709849207103e-05
50  22     58.301651610693426     65.301270189221938     -0.00010824202867964676      6.6533587127636692e-05
50  24     59.655446902326915     67.301270189221938     -7.3813114000977704e-05      3.1798963863332074e-05
50  26     61.069377593742864     69.301270189221938     -9.6538921939295644e-06      4.7262653660146778e-05
50  28     62.536648758246919     71.301270189221938      2.5996608763019652e-05      3.7886231747562983e-05
50  30     64.051248379533263     73.301270189221938      7.8279196358259256e-05       6.145148368329191e-05
50  32     65.607881008493905     75.301270189221938      4.2240796430195687e-05      6.0594446141825777e-05
50  34     67.201895692018383     77.301270189221938     -2.7462307820620521e-05      5.4822911042323895e-05
50  36     68.829214001622262     79.301270189221938     -3.0968694118479754e-05      6.5207525777968053e-05
50  38     70.486261662176645     81.301270189221938     -3.0694890939060288e-05        4.85907274134501e-05
50  40     72.169905660283021     83.301270189221938     -6.1610100805670101e-05      5.3931370632558196e-05
50  42     73.877397639399746     85.301270189221938      -2.880050856545011e-05      5.2634220191042325e-05
50  44     75.606323715519977     87.301270189221938     -7.0715576306805004e-06      7.1021110905779714e-05
50  46     77.354560450833702     89.301270189221938     -7.4521656015680716e-05      5.1122446731199819e-05
50  48     79.120236510939236     91.301270189221938     -7.3529635784568446e-05      3.7000411810882241e-05
50  50     80.901699437494742     93.301270189221938       -9.90656069059461e-05      7.1217752117264471e-05
50  52     82.697486947006624     95.301270189221938      -5.004146332074017e-05      4.4394552380852622e-05
50  54     84.506302187247357     97.301270189221938     -6.6728967072191697e-05      5.0474977842255584e-05
50  56     86.326992425847862     99.301270189221938      8.3991721207441427e-06      3.4685841017986756e-05
50  58     88.158530698552511     101.30127018922194     -2.2644652699180082e-05      2.7455992376161813e-05
50  60                     90     103.30127018922194     -2.5411924454692791e-05      5.1670993772375715e-05
52   2     52.076809620810593     52.153619241621193      3.3760352647809644e-05      5.3667926364420041e-05
52   4     52.305892875931811     52.611785751863621     -2.5392835657540077e-05      5.7748331597772295e-05
52   6     52.683328128252668     53.366656256505337      1.0327706030970212e-05      5.5319617159221179e-05
52   8     53.202941017470891     54.405882034941776      2.1948165141607238e-06      7.1416221865736593e-05
52  10     53.856776554368238     55.713553108736477      9.2777169647433752e-05       4.334111465990103e-05
52  12      54.63564212655271     57.271284253105414      0.00010100267445342003      6.7099747588971538e-05
52  14     55.529646120466801     59.059292240933601       9.617918007066857e-05       6.373752429495984e-05
52  16     56.528675044947491     61.033320996790813      7.3242626662489818e-05       6.211581885731229e-05
52  18     57.622776601683796     63.033320996790813     -2.3876820342629753e-05      6.5098391303444636e-05
52  20     58.802438933713454      65.03332099679082      3.5780516618880311e-05      4.6892313880774315e-05
52  22     60.058772731852805      67.03332099679082     -5.3595261398127283e-05      7.4133580928950754e-05
52  24     61.383612025908263      69.03332099679082     -1.8724842465001495e-06      5.8316701664261594e-05
52  26      62.76955262170047      71.03332099679082     -3.4781955324949627e-06      4.9760396059777461e-05
52  28     64.209946349085598      73.03332099679082      -2.629881512768791e-05      4.2326883192246192e-05
52  30     65.698866482558415      75.03332099679082      4.0382504094899768e-05      5.9074203793411397e-05
52  32     67.231056256176601      77.03332099679082     -4.5726914189263638e-06      5.6079042183361082e-05
52  34     68.801869118065383      79.03332099679082     -3.0652643607880055e-05      6.5861301612034649e-05
52  36     70.407206622349037      81.03332099679082     -0.00011759618351880409      5.9355943002167709e-05
52  38     72.043457732885344      83.03332099679082     -0.00018359730336078948      2.2283406137353996e-05
52  40     73.707441767506253      85.03332099679082     -8.4413621239379675e-05      5.9435556160421566e-05
52  42     75.396356140913866      87.03332099679082     -8.6941814725199387e-06      6.1175224106306845e-05
52  44     77.107729356722558      89.03332099679082      4.5273218410818469e-05      6.2609640154227407e-05
52  46     78.839379254491632      91.03332099679082      -2.313691654474026e-05       5.759896049037525e-05
52  48     80.589376255824732      93.03332099679082     -6.2391336841597671e-05      5.1480239766134066e-05
52  50     82.356011214421486      95.03332099679082     -8.5331144675600154e-05      6.6999348281017755e-05
52  52     84.137767414994528      97.03332099679082     -5.5151274090235657e-05      7.1980436738738421e-05
52  54     85.933296255086788      99.03332099679082      1.8028022397824041e-05       6.583611792656299e-05
52  56     87.741396161732524     101.03332099679082     -5.8908965219004792e-05      5.5933988657959307e-05
52  58     89.560994328282817     103.03332099679082      4.5739421337991999e-06      5.1739835218048112e-05
52  60     91.391130897087265     105.03332099679082      1.7873635609825203e-05      5.1522405904092665e-05
54   2     54.073972741361771     54.147945482723536      -1.285821487807044e-05      6.3550907050101898e-05
54   4     54.294688127912366     54.589376255824725     -4.3929365512523989e-06      6.5874221736897181e-05
54   6     54.658633371878665     55.317266743757322      2.6404074767060487e-06      6.6222601573879907e-05
54   8     55.160255680657443     56.320511361314892      3.8076397431037667e-06       7.354490993113646e-05
54  10     55.792360097775941     57.584720195551874      0.00011888297048505989        3.65466975645274e-05
54  12     56.546573405388315     59.093146810776631      5.5720414038205537e-05      6.3479719935615619e-05
54  14     57.413812651491099     60.827625302982199       5.275209855162686e-05      6.5198599864568887e-05
54  16     58.384709652950434     62.765371804359695      8.0983396602809344e-05      6.6041666915265363e-05
54  18     59.449961479175904     64.765371804359688      2.2181751407289685e-05      5.5003911558900921e-05
54  20     60.600595232822883     66.765371804359688     -1.2402018363999949e-05      5.0498474397544485e-05
54  22     61.828149534535996     68.765371804359688     -6.3685058773963612e-05      4.9552380908993924e-05
54  24     63.124783736376884     70.765371804359688     -1.1099625460610106e-05      6.5349959215443715e-05
54  26     64.483329627982627     72.765371804359688     -3.6616964268690133e-05      4.3386438049284672e-05
54  28     65.897300677553446     74.765371804359688     -0.00011021436834199052      3.2968924344325494e-05
54  30     67.360872141221137     76.765371804359688      3.9942478565500723e-06      3.6369817188091023e-05
54  32     68.868842830916634     78.765371804359688      5.6278441752009876e-05       5.238712268725393e-05
54  34     70.416586692184822     80.765371804359688     -2.8735611702042692e-05      8.1237795606742876e-05
54  36                     72     82.765371804359688     -0.00013790922912215126      7.9932862438629619e-05
54  38     73.615448083226653     84.765371804359688     -0.00010996255567305039      6.7144965348605299e-05
54  40     75.259714048054619     86.765371804359688      -1.811198185075602e-05      4.9216753388773145e-05
54  42     76.929950931279706     88.765371804359688      9.1458500699462747e-06      3.1504006804052095e-05
54  44     78.623637996561229     90.765371804359688      2.1305347598519169e-05      6.2759046939748014e-05
54  46     80.338541412378348     92.765371804359688     -5.6276420462250589e-05      4.6580141336515806e-05
54  48     82.072679252057455     94.765371804359688     -8.1565191462030904e-05       4.166462853736722e-05
54  50     83.824290580701486     96.765371804359688     -2.1181388506124755e-05      6.8149263647211499e-05
54  52     85.591808301161009     98.765371804359688      2.3747910053389094e-05      5.3645012379766617e-05
54  54     87.373835392494328     100.76537180435969      2.9957261257263174e-06      5.4792008984097063e-05
54  56     89.169124169478209     102.76537180435969      1.3117548302805164e-05      7.7566745930809886e-05
54  58     90.976558206893259     104.76537180435969     -5.0188564887713023e-05      8.3589404331312438e-05
54  60      92.79513659838392     106.76537180435969      4.9240949294303983e-06      5.5554391896773968e-05
56   2     56.071337695236394     56.142675390472796     -1.1345344484710245e-05      4.7998717846015774e-05
56   4     56.284271247461902     56.568542494923804     -3.1926794222097258e-06      5.3141116842342318e-05
56   6      56.63564212655271     57.271284253105414      3.3927803418005513e-05      4.7955517932748953e-05
56   8     57.120439557122069     58.240879114244144        2.10810526319601e-05      6.6697092449772313e-05
56  10     57.732137494637016     59.464274989274024       0.0001009229714795404      3.1861669223036618e-05
56  12     58.463092423455635     60.926184846911269      8.0531090271149583e-05       6.260400479296492e-05
56  14     59.304951684997057     62.609903369994115      4.8612650233479576e-05      7.1847594191875084e-05
56  16     60.249030993194197     64.498061986388393      3.6843995115810263e-05      6.9020638867089669e-05
56  18     61.286633954186478      66.49742261192857      4.3773390304797368e-05      6.6652253316041183e-05
56  20     62.409301068170507      68.49742261192857      7.7742117551162125e-06      6.5552765622775639e-05
56  22     63.608987629529715      70.49742261192857     -2.2935374447650095e-05      4.5925725123954254e-05
56  24     64.878177829171548      72.49742261192857      2.9021734286089352e-05      6.5367227349828944e-05
56  26     66.209946349085598      74.49742261192857     -5.6771087618907588e-05      6.2632260381465527e-05
56  28     67.597979746446669      76.49742261192857     -1.4699812856059871e-05      3.8088043334206508e-05
56  30     69.036569057366393      78.49742261192857      2.9739534714529759e-05      5.4987547378499427e-05
56  32       70.5205832509386      80.49742261192857       3.904090096074727e-05      5.0874934706417166e-05
56  34     72.045431091090478      82.49742261192857      1.2478384874309582e-05      6.0127712915172672e-05
56  36     73.607017003965524      84.49742261192857     -0.00010317555076174173       7.236760863800506e-05
56  38      75.20169488482378      86.49742261192857     -7.7829166675788585e-05      4.9472310302158063e-05
56  40     76.826222462934808      88.49742261192857      -9.264903772139945e-05      4.5280994396324296e-05
56  42     78.477717856495843      90.49742261192857     -9.5807403398575489e-05      4.6993335873884778e-05
56  44     80.153619241621186      92.49742261192857     -3.2917775933009234e-05      5.1315219279975883e-05
56  46     81.851648071345039      94.49742261192857     -4.8065517830849497e-05      5.1413306036364908e-05
56  48     83.569775957799209      96.49742261192857     -5.9905166641798867e-05      5.3748615922679952e-05
56  50      85.30619512757761      98.49742261192857     -1.6381502908350365e-05      6.2320111439942736e-05
56  52     87.059292240933601     100.49742261192857     -6.9148124922276395e-06      6.0374797959209656e-05
56  54     88.827625302982199     102.49742261192857      2.6062545816468342e-05      5.7134283327488714e-05
56  56     90.609903369994115     104.49742261192857     -4.6654285363206478e-05      8.7924231863696842e-05
56  58     92.404968752418469     106.49742261192857      6.9419621796299664e-05      9.2605704977888253e-05
56  60     94.211781428987393     108.49742261192857      7.5976288313867036e-07      7.9598078311525117e-05
58   2     58.068883707497264     58.137767414994535       -2.01301394468481e-05      6.0989662478364824e-05
58   4     58.274562336608895      58.54912467321779      3.5029253232840607e-05      5.2787828774784574e-05
58   6     58.614185789921692      59.22837157984339      3.3631998485067173e-05       4.897166927421602e-05
58   8     59.083217912982647     60.166435825965294      8.7079140858768887e-05      5.5227648220754903e-05
58  10     59.675723300355934     61.351446600711867         9.6306771845843e-05      5.4910200101757112e-05
58  12     60.384709652950434     62.769419305900861      6.9155921343949916e-05      7.6363876007756921e-05
58  14     61.202484376209235     64.404968752418469     -1.4106488724648938e-05      5.5205201944491644e-05
58  16     62.120990323358392     66.241980646716783      1.3424533852851422e-05       8.294600178633886e-05
58  18     63.132096331752024     68.229473419497452      3.4179967298610418e-05      8.0345733045877055e-05
58  20     64.227829907617064     70.229473419497452       8.627678652383113e-05      7.7952629377692448e-05
58  22     65.400549446402593     72.229473419497452      7.3863005515420756e-05      5.2675243373149493e-05
58  24     66.643060449437428     74.229473419497452      1.2719185857219072e-08      5.7840225491196138e-05
58  26     67.948684188300888     76.229473419497452     -4.6680541572439862e-05      4.1673354337733036e-05
58  28     69.311288741492746     78.229473419497452      6.2135731877658806e-05      5.7428894337855929e-05
58  30     70.725292090050132     80.229473419497452      7.6344826146802752e-06      7.7306237203035447e-05
58  32     72.185645763378375     82.229473419497452      6.0731774074377972e-05      4.1900363934866505e-05
58  34     73.687805943008669     84.229473419497452     -5.4016086605941893e-05      8.3617846581791509e-05
58  36     75.227697325304888     86.229473419497452     -4.7174187256343358e-05       9.762300351634036e-05
58  38     76.801673610868477     88.229473419497452     -1.9980515012918795e-05      5.7761598875679311e-05
58  40     78.406477308142499     90.229473419497452     -3.1278279854958632e-05      3.7950947719140037e-05
58  42     80.039200620699376     92.229473419497452     -9.1372652314360045e-05      5.2191474043682952e-05
58  44     81.697248505021591     94.229473419497452     -3.5354789139879908e-05      4.9020099962559343e-05
58  46     83.378304497290088     96.229473419497452     -2.9198903211693833e-05      3.5752570643271642e-05
58  48     85.080299571239806     98.229473419497452     -7.3650013997494313e-05      4.5428908147753605e-05
58  50     86.801384066473702     100.22947341949745     -4.5062077131641877e-05      7.3598242528368572e-05
58  52     88.539902586416787     102.22947341949745      6.1197260124603147e-07      4.3453373516014754e-05
58  54     90.294371682887828     104.22947341949745     -2.7764041974239978e-05      5.0442716079555972e-05
58  56     92.063460101710248     106.22947341949745     -3.8126302699679681e-05      6.4837718623157498e-05
58  58     93.845971347493901     108.22947341949745     -1.5057841415750282e-05      4.9157399366245888e-05
58  60     95.640828326184547     110.22947341949745     -2.6624617655808147e-05      8.6354997762314644e-05