2   2     3.2360679774997898     3.7320508075688776         0.62889192962999307       0.0010096626271616869
2   4     5.1231056256176606     5.7320508075688776         0.37819364530999672      0.00093065253137226348
2   6     7.0827625302982193     7.7320508075688776         0.24120196255399776      0.00085796815135848366
2   8     9.0622577482985491     9.7320508075688785         0.15957060918258931      0.00076651280929952324
2  10      11.04987562112089     11.732050807568879          0.1081573925957719      0.00067066448186425972
2  12     13.041594578792296     13.732050807568879        0.074626808497624569      0.00057814557793430964
2  14     15.035668847618199     15.732050807568879        0.052091848712406789      0.00048969205243107902
2  16     17.031219541881399     17.732050807568879        0.036627734186226411      0.00042077832041748005
2  18     19.027756377319946     19.732050807568879        0.026003863942872036      0.00036797373422646506
2  20     21.024984394500787     21.732050807568879        0.018522142809474403      0.00032992138222641041
2  22     23.022715545545239     23.732050807568879        0.013166884029936146      0.00030406567807956744
2  24     25.020824298928627     25.732050807568879       0.0093320361333094817      0.00027341754675213074
2  26     27.019223662515376     27.732050807568879       0.0066269372029557324      0.00025859447965009255
2  28       29.0178514522438     29.732050807568879       0.0046344930308251245      0.00024673084300791469
2  30     31.016662039607269     31.732050807568879       0.0032879611444439844      0.00024148781332127283
2  32     33.015621187164243     33.732050807568875       0.0024157983901491502      0.00022740657369783686
2  34     35.014702703389901     35.732050807568875        0.001761327062756921       0.0002103635316093153
2  36     37.013886210738214     37.732050807568875       0.0012094521763963179      0.00020409797279172045
2  38     39.013155617496423     39.732050807568875      0.00085213774263525873      0.00020489966786969198
2  40      41.01249804748511     41.732050807568875       0.0005393882205801091      0.00020609152293511081
2  42      43.01190307520001     43.732050807568875      0.00028137230672614064      0.00021535018657176293
2  44     45.011362169330773     45.732050807568875      0.00030765836179542444      0.00021123727260840652
2  46     47.010868281309364     47.732050807568875      0.00034514560914610253      0.00020509098494629692
2  48     49.010415536631214     49.732050807568875      0.00031060778449820171      0.00020369773070047129
2  50     51.009999000199947     51.732050807568875      0.00021959017915871914      0.00020093052750677959
2  52     53.009614495783374     53.732050807568875      0.00011171584675114041      0.00019874461340977124
2  54     55.009258465563107     55.732050807568875       1.503085583651018e-05       0.0001964559197474842
2  56     57.008927859761783     57.732050807568875     -0.00012294598115526021      0.00020986063586496675
2  58     59.008620049092706     59.732050807568875      -7.064322294363974e-05      0.00022709743068148049
2  60      61.00833275470999     61.732050807568875     -0.00016268736142279795      0.00024774251832814371
4   2     4.8284271247461898     5.4641016151377553         0.39609135381000304      0.00092008209778979592
4   4     6.4721359549995796     7.4641016151377553         0.26060706377599907      0.00081743761781100663
4   6     8.3245553203367599     9.4641016151377553         0.17189031012600017      0.00072501310735527055
4   8     10.246211251235321     11.464101615137755         0.11536631492645047      0.00063575292157757267
4  10     12.198039027185569     13.464101615137755         0.07880649622328452      0.00054602714330578026
4  12     14.165525060596439     15.464101615137755        0.054557966445853902      0.00046730637924164781
4  14     16.142135623730951     17.464101615137757        0.038182631820732456      0.00039726983946764303
4  16     18.124515496597098     19.464101615137757         0.02694239774103542      0.00033765750718602435
4  18     20.110770276274835     21.464101615137757        0.019217820235124007      0.00029348186327570982
4  20      22.09975124224178     23.464101615137757        0.013666621362052904      0.00025533120581339793
4  22     24.090722034374522     25.464101615137757       0.0096934419048193485      0.00023182954852390584
4  24     26.083189157584592     27.464101615137757       0.0068773754347495773      0.00021219774291975579
4  26     28.076809620810597     29.464101615137757       0.0048455737288415502      0.00019700071963884525
4  28     30.071337695236398     31.464101615137757       0.0033900117277008983      0.00018477660565939392
4  30      32.06659275674582     33.464101615137757       0.0024027068051792381      0.00018016093139978251
4  32     34.062439083762797     35.464101615137757       0.0017733606331828827      0.00017057305548443465
4  34     36.058772731852805     37.464101615137757       0.0012735354979990896      0.00015762612732282474
4  36     38.055512754639892     39.464101615137757      0.00092898916636520836      0.00016178584456792185
4  38     40.052595180880893     41.464101615137757      0.00073142224980320039      0.00016345173422747394
4  40     42.049968789001575     43.464101615137757      0.00053463232852332589      0.00016277189476882815
4  42     44.047592083257278     45.464101615137757      0.00029737565498280134      0.00016706301555536232
4  44     46.045431091090478     47.464101615137757      0.00022762995315001931      0.00017309539871725781
4  46     48.043457732885351     49.464101615137757      0.00021796025706043726      0.00016945193974309762
4  48     50.041648597857254     51.464101615137757      0.00022564122275700769      0.00016575520078706819
4  50     52.039984012787215     53.464101615137757      0.00022529196232474828      0.00015725597234209635
4  52     54.038447325030752     55.464101615137757      0.00018953695014146263      0.00015451250726552804
4  54     56.037024344425184     57.464101615137757      8.8161271322030908e-05      0.00015655813457680689
4  56       58.0357029044876     59.464101615137757      3.1778427149499426e-05      0.00016386691864743065
4  58     60.034472514187634     61.464101615137757     -1.4032893471168133e-05      0.00017650594898749235
4  60     62.033324079214538     63.464101615137757     -0.00011387023736540929      0.00018341850954490383
6   2     6.6055512754639896     7.1961524227066329         0.25597161335199786      0.00081319933385091731
6   4                      8      9.196152422706632         0.18202833155200024      0.00071237245982407505
6   6     9.7082039324993694     11.196152422706632         0.12482514232360034      0.00062422660172140173
6   8      11.54400374531753     13.196152422706632        0.085468535200318274      0.00053579309641764612
6  10     13.440306508910551     15.196152422706632        0.058949337763659952      0.00045769874864528274
6  12     15.369316876852981     17.196152422706632        0.041062102112404381      0.00039212944121636353
6  14     17.317821063276355     19.196152422706632        0.028853089690796578      0.00033617829771783342
6  16     19.278820596099706     21.196152422706632        0.020462195671832984      0.00027843966364941587
6  18     21.248287590894659     23.196152422706632        0.014640898126600882      0.00023825632015263517
6  20     23.223748416156685     25.196152422706632        0.010299187867433271      0.00020930224072286433
6  22     25.203603311174518     27.196152422706632       0.0072874524525560055      0.00019309447058054029
6  24     27.186773244895647     29.196152422706632       0.0051200663891511717      0.00017665706143044264
6  26     29.172504656604801     31.196152422706632       0.0036308803843658642        0.000166455354327965
6  28     31.160255680657446     33.196152422706632       0.0025624535183097065      0.00015783976604322015
6  30      33.14962686336267     35.196152422706632       0.0018339887028555834      0.00015337019366130873
6  32     35.140317359976393     37.196152422706632       0.0013080622436950475      0.00014927406646607366
6  34     37.132096331752024     39.196152422706632      0.00096303231338843072      0.00014101109356861393
6  36     39.124783736376884     41.196152422706632      0.00065889588658763886      0.00014007595709419494
6  38     41.118237105091836     43.196152422706632      0.00052627133931588293      0.00014213995686338267
6  40      43.11234224026316     45.196152422706632      0.00039250436556128519      0.00013588271628689062
6  42     45.107006542854599     47.196152422706632      0.00018492088542337959       0.0001363970506119087
6  44      47.10215414239989     49.196152422706632      0.00012119476162550941      0.00015004111938230792
6  46     49.097722286464439     51.196152422706632      0.00012572905353175007      0.00014289614589426138
6  48     51.093658625644196     53.196152422706632      9.0086356193962066e-05      0.00013820276185051863
6  50     53.089919145472777     55.196152422706632      9.9273096063157913e-05      0.00013978559425711928
6  52     55.086466572421671     57.196152422706632      9.6265523658719591e-05      0.00013764453684421516
6  54     57.083269131959838     59.196152422706632      7.0240791917720776e-05      0.00013504988760514161
6  56     59.080299571239813     61.196152422706632      4.2137010914882421e-05      0.00014616847497735781
6  58     61.077534382926416     63.196152422706632     -3.3323100078725227e-05      0.00014772751346555819
6  60     63.074953183502359     65.196152422706632      -0.0001064328688413699      0.00014797980434089983
8   2     8.4721359549995796     8.9442719099991592         0.16828943182120085      0.00071686294375570322
8   4     9.6568542494923797     10.928203230275511         0.12705293016413979      0.00062765539812811909
8   6     11.211102550927979     12.928203230275511        0.090520099258971393      0.00054076320093834635
8   8     12.944271909999159     14.928203230275511        0.063421016688955195      0.00046100869384024427
8  10     14.770329614269007     16.928203230275511        0.044329007760013667      0.00039792124501055441
8  12      16.64911064067352     18.928203230275511        0.031118285168501406      0.00033890483005548692
8  14     18.560219778561034     20.928203230275511        0.021989688379397531      0.00028855757417775249
8  16     20.492422502470642     22.928203230275511        0.015713150933627126      0.00024174281720402266
8  18     22.439088914585774     24.928203230275511        0.011276025723877084       0.0002158588600570404
8  20     24.396078054371138     26.928203230275511       0.0080765600138110166      0.00018905938852518397
8  22     26.360679774997898     28.928203230275511       0.0057041025166825361      0.00016295655676795188
8  24     28.331050121192877     30.928203230275511       0.0039847448358141567       0.0001576773053990359
8  26     30.305892875931811     32.928203230275514       0.0028571658456293752      0.00014961477881213567
8  28     32.284271247461902     34.928203230275514       0.0021582996589527129       0.0001439199096919108
8  30     34.265491900843116     36.928203230275514       0.0015122980509169545      0.00013566489455049717
8  32     36.249030993194197     38.928203230275514       0.0010791298496876866      0.00013489387332123095
8  34      38.23448553724738     40.928203230275514      0.00078954398930474584      0.00012662612773983338
8  36     40.221540552549669     42.928203230275514      0.00061173396991568557      0.00012894249086760481
8  38     42.209946349085598     44.928203230275514      0.00045774331838736154       0.0001291866221228365
8  40      44.19950248448356     46.928203230275514      0.00030390320031008304      0.00013038380439593002
8  42     46.190046219457976     48.928203230275514      0.00020821914551420948      0.00012803813967775159
8  44     48.181444068749045     50.928203230275514      5.6530295542100622e-05      0.00013169942756840284
8  46     50.173585522460783     52.928203230275514      8.3516361309268614e-05      0.00012577923164479784
8  48     52.166378315169183     54.928203230275514      0.00011157890968864086      0.00013017023248575987
8  50     54.159744815937813     56.928203230275514      0.00010683770425380242      0.00013469913012186134
8  52     56.153619241621193     58.928203230275514      2.2138243191539539e-05      0.00012704552702931055
8  54     58.147945482723536     60.928203230275514      1.4116122320330251e-05      0.00012244028888495009
8  56     60.142675390472796     62.928203230275514      4.1189589941496988e-05      0.00012892681649071238
8  58     62.137767414994535     64.928203230275514      7.3845437671209921e-06      0.00013384777966892142
8  60      64.13318551349164     66.928203230275514     -3.1162855460004203e-05      0.00013231504666002443
10   2     10.385164807134505     10.770329614269007         0.11227490480751044      0.00060726992603804975
10   4     11.403124237432849     12.660254037844387        0.088655598625500459      0.00053400753157553313
10   6     12.810249675906654     14.660254037844387        0.065345396671898232      0.00046351066931966196
10   8     14.433981132056603     16.660254037844389        0.046844619901605981      0.00039196632953447842
10  10     16.180339887498949     18.660254037844389        0.033294212610070796      0.00034282021426233615
10  12                     18     20.660254037844389        0.023535243818868377      0.00029912472844557361
10  14     19.866068747318508     22.660254037844389         0.01679406925904426      0.00024872127127345295
10  16     21.763054614240211     24.660254037844389        0.012009043222221714      0.00020614119374646792
10  18     23.681541692269406     26.660254037844389       0.0086798776630967189      0.00018477292309311682
10  20     25.615528128088304     28.660254037844389       0.0062154031823948063      0.00016623913280021537
10  22     27.561028345356956     30.660254037844389       0.0043841046948195966      0.00015075097159809853
10  24     29.515301344262525     32.660254037844389       0.0030699613204938298      0.00014805954123190231
10  26     31.476404589747453     34.660254037844389       0.0022621764617369164      0.00013363578380127907
10  28     33.442925306655781     36.660254037844389        0.001713831467145777      0.00012722445390806402
10  30     35.413812651491099     38.660254037844389       0.0012275552560692964      0.00012761769500528808
10  32     37.388269481403292     40.660254037844389      0.00092897586549050995       0.0001279487342938542
10  34     39.365680554879162     42.660254037844389      0.00070438723404900631      0.00012599319030487366
10  36     41.345563690772494     44.660254037844389      0.00050347719091221594      0.00012747679987959237
10  38     43.327535793473601     46.660254037844389       0.0004340531549037418      0.00012510959994807504
10  40     45.311288741492746     48.660254037844389      0.00025655400109779306      0.00012195877309130529
10  42     47.296571965113202     50.660254037844389      0.00025312998229728534      0.00012363930840069576
10  44     49.283179650969061     52.660254037844389      0.00010589011793162789      0.00012568975116478129
10  46     51.270941205037097     54.660254037844389      5.3052867730959806e-05      0.00012346627941307658
10  48     53.259714048054619     56.660254037844389       7.323296767405084e-05      0.00012036439515969014
10  50      55.24937810560445     58.660254037844389       9.202639454979716e-05      0.00012274397061747141
10  52     57.239831546435909     60.660254037844389      6.5961074285858553e-05      0.00011717554853435038
10  54     59.230987451824994     62.660254037844389      8.0336289578270269e-05       0.0001255769988416387
10  56     61.222771187482387     64.660254037844382      1.3469385273329164e-05      0.00013010244763284406
10  58     63.215118311311535     66.660254037844382     -1.6069293182720582e-05      0.00011881807528701784
10  60     65.207972893961482     68.660254037844382     -2.8903798486775534e-05      0.00012231823284809948
12   2      12.32455532033676     12.649110640673518        0.075775265312558127      0.00050547063033533259
12   4     13.211102550927979     14.392304845413266        0.061985733128056719      0.00044528046086692605
12   6      14.48528137423857     16.392304845413264        0.047108096584008573      0.00039159168972968932
12   8                     16     18.392304845413264        0.034482800451152387       0.0003325793373496725
12  10     17.661903789690601     20.392304845413264        0.024838392846475661      0.00028748333052330507
12  12     19.416407864998739     22.392304845413264        0.017759089484427289       0.0002583930770011279
12  14     21.231546211727817     24.392304845413264        0.012763582688186469      0.00021511667341650692
12  16     23.088007490635061     26.392304845413264       0.0092025874102287641      0.00018493120488787475
12  18     24.973665961010276     28.392304845413264       0.0066808535968151395      0.00016029174437364087
12  20     26.880613017821101     30.392304845413264        0.004854635853880301      0.00014318184658490462
12  22     28.803508501982758     32.392304845413264         0.00344495152671624      0.00014072929966318467
12  24     30.738633753705962     34.392304845413264       0.0024449428771549349       0.0001398848140155937
12  26     32.683328128252668     36.392304845413264       0.0017140867788497896      0.00012953077823626326
12  28      34.63564212655271     38.392304845413264       0.0013177711028282773      0.00012348582192967154
12  30     36.594117081556711     40.392304845413264       0.0009936390447684081      0.00012694787525686108
12  32     38.557641192199412     42.392304845413264       0.0008295711870676246       0.0001255090679906803
12  34     40.525353003264136     44.392304845413264      0.00065479456321010431      0.00012629059008369047
12  36     42.496575181789318     46.392304845413264      0.00047349002522646102      0.00012726304805368616
12  38     44.470768123342687     48.392304845413264      0.00026586851926072746      0.00012610048799849828
12  40     46.447496832313369     50.392304845413264      0.00022409603681067291      0.00012371850377950236
12  42     48.426406871192853     52.392304845413264      0.00016773342892861798      0.00012594200933308585
12  44     50.407206622349037     54.392304845413264      0.00017128949872272979      0.00012566291535956648
12  46     52.389654018972806     56.392304845413264      5.7209594744829381e-05      0.00012082200896066456
12  48     54.373546489791295     58.392304845413264      4.9772059243710893e-05       0.0001194577398730462
12  50     56.358713248056688     60.392304845413264      9.8204235527508355e-05      0.00012084139089447391
12  52     58.345009313209601     62.392304845413264      2.0959541557230532e-05      0.00011699947115923987
12  54     60.332310828824497     64.392304845413264      2.9307618219451478e-05      0.00012381463461517053
12  56     62.320511361314892     66.392304845413264     -3.0650371704703394e-06      0.00012653361590897976
12  58     64.309518948453004     68.392304845413264     -2.5634417512110499e-05      0.00012388975536309536
12  60      66.29925372672534     70.392304845413264      1.8797105949759172e-05      0.00012486327479581275
14   2     14.280109889280517     14.560219778561036        0.051645626261053304      0.00041769896641152983
14   4     15.062257748298549     16.124515496597098        0.043365450730303692      0.00037471981456434228
14   6     16.219544457292887     18.124355652982143        0.033796719280438703      0.00032977432047200529
14   8      17.63014581273465     20.124355652982143        0.025190908384764885      0.00028623780083731433
14  10     19.206555615733702     22.124355652982143        0.018390257622147198      0.00025488786343122363
14  12     20.892443989449802     24.124355652982143         0.01326981290416601      0.00022055718046292167
14  14     22.652475842498529     26.124355652982143       0.0096291400325167475      0.00018892840010105736
14  16     24.464249196572979     28.124355652982143       0.0070727813018592678      0.00016666823714026096
14  18     26.313207915827967     30.124355652982143       0.0050883132121221138      0.00015167395175768529
14  20     28.189620100417091     32.124355652982146        0.003750986411985755       0.0001368117676671663
14  22     30.086792761230392     34.124355652982146       0.0026644416890603297       0.0001277586475666922
14  24                     32     36.124355652982146       0.0018508186005713235      0.00013055015726769976
14  26      33.92582403567252     38.124355652982146       0.0013775052001746251      0.00012450126227001051
14  28     35.861739379323623     40.124355652982146      0.00093149712118253763      0.00012232202343633901
14  30     37.805843601498722     42.124355652982146      0.00091430647841367286      0.00012143080175425959
14  32     39.756678708318397     44.124355652982146      0.00063718012267721831      0.00012436612223508893
14  34     41.713109915419565     46.124355652982146      0.00046733140965928764      0.00012365997365959561
14  36     43.674241641784498     48.124355652982146      0.00035412004355405563      0.00012875185048939042
14  38     45.639358172723313     50.124355652982146        0.000204091982169681      0.00012716485551503173
14  40     47.607881008493905     52.124355652982146      0.00024322613218082299      0.00012228437194985938
14  42     49.579337712087536     54.124355652982146      0.00012131858873296995      0.00011901605144038991
14  44     51.553338819890925     56.124355652982146      0.00015011777682129911      0.00010760877157562749
14  46     53.529560496527367     58.124355652982146      6.5076192546217331e-05      0.00011075723781509281
14  48     55.507731342539614     60.124355652982146      7.0809141299714218e-05      0.00011362958166612922
14  50     57.487622245457352     62.124355652982146      7.5627526489120177e-05      0.00011147375900131373
14  52     59.469038489379621     64.124355652982146     -2.1782085879559058e-05      0.00011517120934697563
14  54     61.451813560247928     66.124355652982146     -8.3179042241398389e-06      0.00012146232133315716
14  56     63.435804238089851     68.124355652982146     -3.5492906649499763e-06      0.00012836842316467221
14  58     65.420886675914119     70.124355652982146      1.6313609448802753e-06      0.00012404491243836317
14  60     67.406953242155822     72.124355652982146      0.00010835235325308016      0.00011941758419803206
16   2     16.246211251235323     16.492422502470642         0.03559143894510098      0.00034445373123633238
16   4     16.944271909999159     17.888543819998318        0.030437656456542526      0.00031696979433397507
16   6                     18     19.856406460551021        0.024209815994031745      0.00028397627881749608
16   8     19.313708498984759     21.856406460551021         0.01837641090554153       0.0002492563494477065
16  10     20.806248474865697     23.856406460551021        0.013619580999689043      0.00022315430513263242
16  12     22.422205101855958     25.856406460551021       0.0099646721259253647       0.0001938241640360483
16  14     24.124515496597098     27.856406460551021       0.0073221836248093175      0.00016740624704741507
16  16     25.888543819998318     29.856406460551021       0.0053915357449221719      0.00015544363561731866
16  18     27.697715603592208     31.856406460551021       0.0039586930475471252      0.00014391218886918204
16  20     29.540659228538015     33.856406460551021       0.0028827690282681147      0.00013413780459901314
16  22     31.409399821439251     35.856406460551021        0.002038224500533186      0.00012606603024722859
16  24      33.29822128134704     37.856406460551021       0.0013522727169445303      0.00012904118052742167
16  26     35.202941017470891     39.856406460551021      0.00091391342744950247      0.00012224899604610921
16  28     37.120439557122069     41.856406460551021      0.00067976173032573161      0.00011937325830120299
16  30     39.048349392520052     43.856406460551021      0.00057286891105697761      0.00011788106575053047
16  32     40.984845004941285     45.856406460551021      0.00044155375388237511      0.00012647888539227091
16  34     42.928498393145958     47.856406460551021      0.00037666559501077409      0.00012673836069859135
16  36     44.878177829171548     49.856406460551021      0.00023296011491519885       0.0001242473423039898
16  38     46.832975677895199     51.856406460551021      0.00020541842098699973      0.00012427938742251286
16  40     48.792156108742276     53.856406460551021      0.00017209048191399169      0.00011871892574023562
16  42     50.755116652863897     55.856406460551021      0.00010785849719817423      0.00011013634892147504
16  44     52.721359549995796     57.856406460551021      0.00011271224142754866      0.00010890456153210658
16  46     54.690470119715009     59.856406460551021      7.8300957519610061e-05      0.00011241717089074656
16  48     56.662100242385755     61.856406460551021      0.00011318051875078972      0.00011100043139880023
16  50     58.635955604688654     63.856406460551021      0.00010134580443575928      0.00011359521195223041
16  52     60.611785751863621     65.856406460551028      0.00010722525240464038      0.00011845916979961195
16  54     62.589376255824725     67.856406460551028      7.7246183625201621e-06      0.00012485358350960453
16  56     64.568542494923804     69.856406460551028      3.9798251109070367e-05      0.00012651476163152609
16  58      66.54912467321779     71.856406460551028      4.1004632048767439e-05      0.00012701971574025509
16  60     68.530983801686233     73.856406460551028      6.6057875250961478e-05      0.00012107668688540431
18   2     18.219544457292887     18.439088914585774        0.024614730055837149      0.00029104056044327448
18   4     18.848857801796104     19.697715603592208        0.021501370549572581      0.00026560350467546591
18   6      19.81665382639197       21.5884572681199        0.017349375967365011      0.00023998981999128789
18   8     21.041594578792296       23.5884572681199        0.013359602267915507      0.00021959436615929395
18  10      22.45362404707371       25.5884572681199        0.010008776959986681      0.00019870329644825453
18  12                     24       27.5884572681199       0.0074412470646597782      0.00017330390273309656
18  14     25.643316977093239       29.5884572681199       0.0055572887362368489      0.00015186787087706307
18  16     27.357559750685819       31.5884572681199       0.0041336044723671436      0.00013993662099096303
18  18     29.124611797498108     33.588457268119896       0.0031085330717655294       0.0001404578521054706
18  20     30.931712199461309     35.588457268119896       0.0022978934277362315       0.0001324940455181088
18  22     32.769728648009426     37.588457268119896       0.0016079078754009872      0.00013132755321824342
18  24     34.632011235952589     39.588457268119896       0.0010369015495436725      0.00012852644990568433
18  26     36.513632984395208     41.588457268119896      0.00064529772279880743      0.00012142166730138913
18  28     38.410882339705481     43.588457268119896      0.00051522011431886507        0.000123025440946177
18  30      40.32091952673165     45.588457268119896      0.00045181765233236356      0.00011451901662396848
18  32     42.241540277189323     47.588457268119896      0.00029008595909707697      0.00011611765390550877
18  34     44.171010790137949     49.588457268119896      0.00024094348003191979      0.00011919737341602624
18  36     46.107950630558946     51.588457268119896       0.0001976366661001088      0.00012162695838092068
18  38      48.05124837953327     53.588457268119896      4.5258474701940387e-05      0.00012513475202487829
18  40                     50     55.588457268119896      2.8508591994517371e-05      0.00012334546770570925
18  42     51.953463189829058     57.588457268119896      6.7416973174410407e-05      0.00011501265431284356
18  44     53.911023145771239     59.588457268119896      7.9342022427293001e-05      0.00010798129551185591
18  46     55.872166581031863     61.588457268119896      5.5165129895096725e-06      0.00011178002390964963
18  48     57.836461788299118     63.588457268119896      8.8237910145799295e-06      0.00010943359988263083
18  50     59.803543183522152     65.588457268119896      7.3127996502969883e-05      0.00010926214310529886
18  52     61.773099207835045     67.588457268119896     -1.0326718559220405e-05      0.00011410202490599521
18  54      63.74486277268398     69.588457268119896     -5.6627526354709884e-05      0.00012093364635391083
18  56     65.718603649948932     71.588457268119896      1.0212497479060496e-05      0.00012319085988286803
18  58     67.694122363316751     73.588457268119896      4.1167223353258749e-06      0.00011920039314088309
18  60     69.671245248470058     75.588457268119896      -5.186969011339958e-05      0.00012091373524016549
20   2     20.198039027185569     20.396078054371138        0.017111217574091148      0.00024940595841542945
20   4     20.770329614269009     21.540659228538015        0.015075653378691281      0.00023116322079630653
20   6     21.661903789690601     23.320508075688775        0.012366281739385426      0.00021527577563398574
20   8     22.806248474865697     25.320508075688775       0.0097352274242080601      0.00019098390606538874
20  10     24.142135623730951     27.320508075688775       0.0073091451915689139      0.00017537609436066144
20  12     25.620499351813308     29.320508075688775       0.0054914903897591884      0.00015496996284002841
20  14     27.204650534085253     31.320508075688775       0.0041068640435909451      0.00014150060461791658
20  16     28.867962264113206     33.320508075688778       0.0031597836875762765      0.00013039100865249969
20  18     30.591260281974002     35.320508075688778       0.0023698220894308132      0.00013345112324050532
20  20     32.360679774997898     37.320508075688778       0.0017981596354506555      0.00013052888023736423
20  22     34.166091947189145     39.320508075688778       0.0012696240670325846      0.00013302994288383972
20  24                     36     41.320508075688778      0.00084460721875947694      0.00012668237612363298
20  26     37.856776554368238     43.320508075688778      0.00046468884051595246      0.00012357333478718236
20  28     39.732137494637016     45.320508075688778      0.00040151645271673165      0.00012109164688927335
20  30     41.622776601683796     47.320508075688778      0.00034221156252537251      0.00010933573589435134
20  32     43.526109228480422     49.320508075688778      0.00030448022586299463       0.0001069060431303518
20  34     45.440090293338699     51.320508075688778      0.00026068749058969133      0.00011874767238528041
20  36     47.363083384538811     53.320508075688778      0.00010266501128048015      0.00012537059854027545
20  38     49.293765408776999     55.320508075688778      4.5964788466221183e-05      0.00012237983676433787
20  40     51.231056256176608     57.320508075688778     -3.9201503000598231e-05      0.00011668730350510862
20  42     53.174066289845804     59.320508075688778        8.08953600538791e-06      0.00011329501930247187
20  44     55.122056690713912     61.320508075688778      5.5962946597690034e-05       0.0001081561458311595
20  46     57.074409183759279     63.320508075688778       8.988501337850436e-06      0.00011126862319971549
20  48      59.03060268852505     65.320508075688778      1.3221844153380211e-05      0.00010475363424393761
20  50     60.990195135927848     67.320508075688778      6.2456404993560958e-05      0.00010772904723902908
20  52     62.952809179494906     69.320508075688778       2.307862697561177e-05      0.00010221439709078618
20  54     64.918120870983927     71.320508075688778     -7.3404237808979517e-05      0.00011368832566886701
20  56     66.885850613311561     73.320508075688778     -5.7361655582145098e-05       0.0001174921070006726
20  58     68.855755878248644     75.320508075688778     -5.4297081236740417e-05      0.00011230598786781299
20  60     70.827625302982199     77.320508075688778     -9.2446877612190035e-05      0.00011644800281613791
22   2     22.180339887498949     22.360679774997898        0.011962700062955018      0.00021339422719865184
22   4     22.704699910719626     23.409399821439251        0.010540422493990538      0.00020233082780348057
22   6     23.529964086141668     25.059928172283335       0.0087678947127059516      0.00018675153914328977
22   8     24.601470508735446     27.052558883257653       0.0069550299913315556      0.00017074190390409868
22  10     25.866068747318508     29.052558883257653       0.0053257877959849952      0.00015736152075439283
22  12     27.278820596099706     31.052558883257653       0.0040407068207685103       0.0001436583531180384
22  14     28.804493814764857     33.052558883257653       0.0030791905265152423      0.00013018199333949615
22  16     30.416487838947599     35.052558883257653       0.0023750547849604956      0.00012499257833291122
22  18     32.095023109728984     37.052558883257653       0.0018492078515107051      0.00012235339712487854
22  20     33.825424421026653     39.052558883257653       0.0013451306674393138      0.00012372537376294801
22  22     35.596747752497691     41.052558883257653       0.0010167116221638255      0.00013267227921671214
22  24     37.400757564888167     43.052558883257653       0.0006997453153619632      0.00012569743139050345
22  26     39.231188426986208     45.052558883257653      0.00035773742926582661      0.00012344706564749609
22  28     41.083217912982647     47.052558883257653      0.00023622035659315833      0.00011951172461960578
22  30     42.953090617340919     49.052558883257653       0.0002294144788138622      0.00011595719867658938
22  32     44.837848631377263     51.052558883257653      0.00019081678455517019       0.0001060549853964156
22  34     46.735136770411273     53.052558883257653      8.2169129218820572e-05      0.00011941201104733046
22  36     48.643060449437421     55.052558883257653      1.1446148605730904e-05      0.00012374086922961548
22  38     50.560080889704963     57.052558883257653      6.2375443511836643e-05      0.00011811228535057562
22  40     52.484937025383083     59.052558883257653      8.7973974228341872e-05      0.00011578988629132688
22  42     54.416586692184822     61.052558883257653      0.00013924968282473407        0.000108649296751027
22  44     56.354161881794269     63.052558883257653      0.00014466112410356955      0.00011147543818335093
22  46     58.296934361541872      65.05255888325766      7.0492183927830217e-05      0.00011655679219702341
22  48     60.244289008980523      67.05255888325766      8.0056861592616067e-05      0.00011341927639827581
22  50     62.195702944680818      69.05255888325766      7.9406810221530118e-05      0.00010947922015290456
22  52     64.150729063673253      71.05255888325766      8.9213434572319266e-05      0.00010435537101072056
22  54     66.108982933819419      73.05255888325766      0.00011128648781065971      0.00011798741469995459
22  56     68.070132293521098      75.05255888325766     -7.8679115101906867e-06      0.00011806496779977638
22  58     70.033888572581759      77.05255888325766     -6.5376622261369513e-05      0.00011793095647063242
22  60                     72      79.05255888325766     -0.00015613022285826544      0.00011355789557459007
24   2     24.165525060596437     24.331050121192877        0.008286663434855613      0.00018665825537722715
24   4      24.64911064067352     25.298221281347036       0.0073735713768754265      0.00017478025367087668
24   6     25.416407864998739     26.832815729997478       0.0061060864516554536      0.00016439808001538785
24   8     26.422205101855958     28.784609690826532       0.0049970934186246993      0.00015054834526449643
24  10     27.620499351813308     30.784609690826532       0.0039524791035039173      0.00014124481592353832
24  12     28.970562748477139     32.784609690826528       0.0029702212529324652      0.00013774968044875425
24  14     30.439088914585774     34.784609690826528       0.0022640866584850913      0.00013010414016307901
24  16                     32     36.784609690826528        0.001788407835674639       0.0001281401777286162
24  18     33.633307652783941     38.784609690826528       0.0014439897405022144      0.00012095602891392235
24  20     35.323807579381203     40.784609690826528       0.0010156981233333609      0.00012458894490458458
24  22     37.059928172283335     42.784609690826528      0.00072346955413580064      0.00012892276627557466
24  24     38.832815729997478     44.784609690826528      0.00045972649607376918      0.00012416017991834458
24  26      40.63564212655271     46.784609690826528      0.00020370482052196778      0.00012723626269848452
24  28     42.463092423455635     48.784609690826528      9.9561914985064879e-05      0.00012154696731342887
24  30     44.310988842807021     50.784609690826528      0.00010052982197705216      0.00011178063993341856
24  32     46.176014981270121     52.784609690826528      2.3122383446309941e-05      0.00010587712032232035
24  34     48.055512754639892     54.784609690826528      2.2228645806065354e-05      0.00011690191291464783
24  36     49.947331922020552     56.784609690826528      2.8909281947018498e-05      0.00011662336693796008
24  38     51.849717690342551     58.784609690826528      1.4270551396470589e-05      0.00011501610463541246
24  40     53.761226035642203     60.784609690826528      0.00011523294526104167      0.00011283470616346089
24  42      55.68065933568311     62.784609690826528      0.00013190122148539987      0.00010888899166936138
24  44     57.607017003965517     64.784609690826528      0.00017234630189678199      0.00011460000724250099
24  46     59.539457296018853     66.784609690826528      0.00015018388888867867        0.000123539179148097
24  48     61.477267507411923     68.784609690826528      0.00010613806950748971      0.00012013214019882009
24  50     63.419840528729765     70.784609690826528      7.3882152230536779e-05       0.0001103035332608406
24  52     65.366656256505337     72.784609690826528      0.00019140708255549935      0.00010827271580046367
24  54      67.31726674375733     74.784609690826528      0.00029024395018146712      0.00012339597971471123
24  56     69.271284253105421     76.784609690826528      0.00012071151146729899      0.00012171699210218762
24  58     71.228371579843383     78.784609690826528      6.0011108726389584e-05      0.00011834672151913149
24  60     73.188234163113421     80.784609690826528     -0.00012261852252225158      0.00011940239593987269
26   2     26.152946437965905     26.305892875931811       0.0057578500505933369      0.00016155610572713219
26   4     26.601470508735446     27.202941017470888       0.0051224802739644011       0.0001552656698880226
26   6     27.317821063276355     28.635642126552707       0.0043840796658709104       0.0001380929685312793
26   8     28.264337522473745     30.516660498395407       0.0036393823455198441       0.0001322221085189333
26  10     29.401219466856727      32.51666049839541       0.0029205634881273152      0.00013156301419858278
26  12     30.691806012954132      34.51666049839541       0.0022225593623560066      0.00013296638194433688
26  14     32.104973174542799      36.51666049839541          0.0016427171535834       0.0001315642223463739
26  16       33.6155281280883      38.51666049839541       0.0012494085891353024      0.00013222806911819581
26  18     35.203603311174518      40.51666049839541       0.0010396438124290462      0.00012115063874807313
26  20     36.853720883753127      42.51666049839541       0.0006911244992428968      0.00013100808752869071
26  22     38.553864678361279      44.51666049839541      0.00053689011768101537      0.00012769637663825851
26  24     40.294688127912366      46.51666049839541      0.00033637168682701109      0.00012171344000173567
26  26     42.068883707497264      48.51666049839541      0.00017496179455220396       0.0001194823334633645
26  28     43.870698080866262      50.51666049839541      0.00011710517666015902      0.00011175559980173884
26  30     45.695565448543633      52.51666049839541      7.5635271240161005e-05      0.00010746125227001996
26  32     47.539832078341085      54.51666049839541      5.3763389168123224e-05      0.00010234707693772514
26  34     49.400549446402593      56.51666049839541      3.7023899465900302e-05      0.00010869472426201385
26  36     51.275318418009277      58.51666049839541       3.649517411584408e-05      0.00010891096329263601
26  38     53.162171256046406      60.51666049839541      4.8549491578401573e-05      0.00011519409787039935
26  40     55.059481689626182      62.51666049839541      9.6740731939000388e-05       0.0001112554069676473
26  42     56.965895873961216      64.51666049839541      9.9543580200879819e-05        0.000111854469105477
26  44     58.880278987817846      66.51666049839541      0.00010654633135404897      0.00011466747378783507
26  46     60.801673610868477      68.51666049839541      0.00018035804521797513      0.00012445633742190712
26  48     62.729267036625423      70.51666049839541      7.4902646832285876e-05      0.00011957784958323778
26  50     64.662365412357957      72.51666049839541      5.1676522737637279e-05      0.00011321617295120148
26  52     66.600373133029592      74.51666049839541      0.00011954774748999812      0.00011247382347167115
26  54     68.542776307995268      76.51666049839541      0.00021535014284992756      0.00011837201993952742
26  56     70.489129407219238      78.51666049839541      0.00018831098959493753       0.0001218710749565563
26  58     72.439044406854322      80.51666049839541      0.00010599199248431607      0.00012246877455441213
26  60     74.392181912683313      82.51666049839541      3.0074572885100839e-05      0.00011718628661035563
28   2     28.142135623730951     28.284271247461902       0.0040158350265394474      0.00014769654758167714
28   4     28.560219778561034     29.120439557122072       0.0036127110036070758      0.00013740638463971588
28   6     29.231546211727817     30.463092423455635       0.0031124611295678698      0.00012650059046569781
28   8     30.124515496597098     32.249030993194197       0.0025965573627354677      0.00012655720078835913
28  10     31.204650534085253     34.248711305964285       0.0022166574517931224        0.000123986190291487
28  12     32.439088914585774     36.248711305964285       0.0017215887031724053      0.00012532402398384782
28  14     33.798989873223334     38.248711305964285       0.0011733605191483363      0.00013044771063398694
28  16       35.2602916254693     40.248711305964285      0.00094410447432174114      0.00013126687622024241
28  18     36.803508501982762     42.248711305964285      0.00073663445684736832      0.00012512650547203902
28  20     38.413111231467404     44.248711305964285      0.00053717370713001638      0.00012642903234588566
28  22     40.076809620810593     46.248711305964285      0.00046704246742526308      0.00012602688619394887
28  24     41.784887978899604     48.248711305964285      0.00032562517492615739      0.00012154307910485161
28  26     43.529646120466801     50.248711305964285      0.00023457191131387976      0.00011859402043115843
28  28     45.304951684997057     52.248711305964285      0.00019841114145298017      0.00010599853267820411
28  30     47.105890714493697     54.248711305964285      0.00015960303153640174      0.00010300896456421351
28  32     48.928498393145958     56.248711305964285      0.00012244594707897969      0.00010906825254428074
28  34      50.76955262170047     58.248711305964285          0.0001468803208615      0.00010901140260223543
28  36     52.626415831655933     60.248711305964285      0.00010592941693275004      0.00011034404251805211
28  38     54.496913462633174     62.248711305964285      4.7022666670857026e-05      0.00011741847571018196
28  40     56.379240200834182     64.248711305964292      0.00010180165170423132      0.00011401574888814015
28  42     58.271887242357309     66.248711305964292      5.9144299096135102e-05      0.00011595632121224383
28  44     60.173585522460783     68.248711305964292      8.9153050952570645e-05      0.00011030892395136994
28  46     62.083261120685229     70.248711305964292      0.00018171748779507047      0.00011218377926297731
28  48                     64     72.248711305964292      7.7704600676452927e-05      0.00011394271906810999
28  50     65.923019942988674     74.248711305964292      7.8247413573648958e-05      0.00011794854222136545
28  52     67.851648071345039     76.248711305964292      5.2155437080489875e-05      0.00011695466608540567
28  54     69.785302723925412     78.248711305964292      0.00015610235431707454      0.00011164330777472682
28  56     71.723478758647246     80.248711305964292      0.00015617326218175055      0.00011501950246395557
28  58     73.665735560705201     82.248711305964292        7.74073444586497e-05      0.00011739424335167907
28  60     75.611687202997445     84.248711305964292      5.9483740796759879e-05        0.000111193172239548
30   2     30.132745950421558     30.265491900843113       0.0028757499395280399      0.00013271269238624637
30   4     30.524174696260026     31.048349392520048       0.0026186020325340348      0.00012630088830569092
30   6      31.15549442140351     32.310988842807021       0.0021978582270288718      0.00012726051367615307
30   8                     32                     34       0.0019162383795212586      0.00012032142221495981
30  10     33.027756377319946      35.98076211353316       0.0016358560518094944      0.00012140370463006719
30  12     34.209372712298546      37.98076211353316       0.0012040674479281415      0.00012516980820802398
30  14     35.518284528683196      39.98076211353316      0.00090103778176153445      0.00012917458977697928
30  16     36.931712199461309      41.98076211353316      0.00070353542200908331       0.0001269163217981947
30  18     38.430749027719962      43.98076211353316      0.00056716964635246273      0.00012000283677656867
30  20                     40      45.98076211353316      0.00044941378924449714      0.00012878037875915519
30  22       41.6270539113887      47.98076211353316      0.00035825017852736027      0.00012574482743745745
30  24     43.301943396169811      49.98076211353316      0.00027693931388013789      0.00012204389006742377
30  26     45.016662039607269      51.98076211353316      0.00025303195597034783      0.00011790134163846152
30  28      46.76476034853718      53.98076211353316      0.00018999207546862429      0.00010860098595173605
30  30     48.541019662496844      55.98076211353316       0.0001580254440102118      0.00011061046817105889
30  32     50.341194094144583      57.98076211353316      0.00017541174938757035      0.00011633998809731183
30  34     52.161808352124091      59.98076211353316      0.00013666454017785827       0.0001188534955589149
30  36                     54      61.98076211353316       9.028465074017021e-05       0.0001243201326595824
30  38     55.853396431630991      63.98076211353316      2.2125851247380411e-05      0.00012183139372619332
30  40     57.720018726587654      65.98076211353316     -2.5588465045690456e-05      0.00011360726574385651
30  42     59.598206241955516      67.98076211353316       1.556454173138931e-05      0.00011603001592223761
30  44     61.486557196677836      69.98076211353316      0.00012273150665952982      0.00011602956170527113
30  46     63.383881613611777      71.98076211353316      0.00013267035573633797      0.00011906991629901273
30  48     65.289163842720626      73.98076211353316      0.00015301645360173006      0.00011662255466779163
30  50     67.201532544552748      75.98076211353316      0.00012232238948612999      0.00011079366037404169
30  52     69.120236510939236      77.98076211353316      6.3837191027989345e-05      0.00010792536073417065
30  54     71.044625076808217      79.98076211353316      0.00013251879314142134      0.00011068043628931314
30  56     72.974132162542986      81.98076211353316      0.00010435263012237085       0.0001092734620729914
30  58     74.908263203000644      83.98076211353316      9.7927820731080184e-05      0.00010879285688375048
30  60     76.846584384264901      85.98076211353316      2.2538186556911138e-05      0.00010770587636631543
32   2     32.124515496597098     32.249030993194197       0.0020895965980359515      0.00013214687424077036
32   4     32.492422502470646     32.984845004941285       0.0018871396588916679      0.00012946639913344861
32   6     33.088007490635064     34.176014981270121        0.001633752377705676       0.0001263623586370369
32   8     33.888543819998318     35.777087639996637       0.0013880390639095885       0.0001166206073972118
32  10     34.867962264113203     37.712812921102042       0.0011466128158206029       0.0001185483860226906
32  12                     36     39.712812921102042      0.00090003244223200583      0.00012156823552135228
32  14       37.2602916254693     41.712812921102042      0.00072576810892398811      0.00011903259006381187
32  16     38.627416997969519     43.712812921102042      0.00049211296266370088      0.00012187439710627872
32  18     40.083189157584592     45.712812921102042      0.00037825285153870417      0.00011692639741223699
32  20     41.612496949731394     47.712812921102042      0.00024644034068720491      0.00012188464847407869
32  22     43.202941017470891     49.712812921102042      0.00023606279967199964      0.00012787225377893654
32  24     44.844410203711917     51.712812921102042      0.00018865107670411818      0.00012550614795613882
32  26     46.528675044947491     53.712812921102042      0.00019987478449492893       0.0001194144186800495
32  28     48.249030993194197     55.712812921102042      0.00014081949116284882      0.00010796584004433859
32  30                     50     57.712812921102042      0.00017393004045578888      0.00010920918130412183
32  32     51.777087639996637     59.712812921102042      0.00013115774862010839      0.00011774312536998066
32  34     53.576588456111871     61.712812921102042      0.00011311022544025896       0.0001193238108725875
32  36     55.395431207184416     63.712812921102042      7.7024155010688367e-05       0.0001226276157629799
32  38     57.231056256176608     65.712812921102042     -5.2298803122688084e-05       0.0001235321838425864
32  40      59.08131845707603     67.712812921102042     -8.4772990941202705e-05      0.00012199346407446878
32  42     60.944410108488462     69.712812921102042     -4.8486601347780683e-05      0.00012140159512281856
32  44     62.818799642878503     71.712812921102042       3.979040159997033e-05      0.00011994332286805689
32  46     64.703182647543684     73.712812921102042      6.5184342874690396e-05      0.00011745699817167438
32  48     66.596442562694079     75.712812921102042      0.00012497255619749553       0.0001118723610739719
32  50     68.497618993626759     77.712812921102042      8.8517806989208266e-05      0.00011149487622035001
32  52     70.405882034941783     79.712812921102042      8.6101910044258397e-05      0.00011227823069881243
32  54     72.320511361314885     81.712812921102042      7.6133854012920262e-05      0.00011686945568847706
32  56     74.240879114244137     83.712812921102042      8.9837126146413018e-05      0.00012102453861357008
32  58     76.166435825965294     85.712812921102042     -1.3406043843289542e-05      0.00010812277568526207
32  60     78.096698785040104     87.712812921102042     -2.9204399635500379e-05       0.0001038120808315155
34   2      34.11724276862369      34.23448553724738       0.0014281878160574148      0.00012688709504020119
34   4     34.464249196572979     34.928498393145958       0.0013437936061677206      0.00012914318129104974
34   6     35.027756377319946     36.055512754639892       0.0012062261015008289      0.00012216297843521288
34   8     35.788294228055932     37.576588456111871       0.0010158597208626058      0.00011281034653993607
34  10     36.723082923316021     39.444863728670917      0.00068024856940924745      0.00011352881260795738
34  12     37.808652046684813     41.444863728670917      0.00049286216534227194      0.00011994807805549853
34  14     39.022715545545239     43.444863728670917      0.00035100455073161025      0.00012213988521421874
34  16     40.345235059857501     45.444863728670917      0.00023815175882112058       0.0001218086934531658
34  18     41.758836806279895     47.444863728670917      0.00013579474445154957      0.00012226798452711583
34  20     43.248809496813379     49.444863728670917      9.9682738860940175e-05      0.00012396896599042398
34  22     44.802877548915689     51.444863728670917      3.1500700285479913e-05      0.00012058715667735723
34  24     46.410882339705481     53.444863728670917      0.00012394869043053084       0.0001207359598997555
34  26     48.064449134018133     55.444863728670917      0.00017204244067990128      0.00011569297710408819
34  28     49.756678708318397     57.444863728670917      0.00018144656878134376      0.00010626586413288597
34  30     51.481879299133332     59.444863728670917      0.00019411839886559692      0.00011173595761348013
34  32     53.235341863986875     61.444863728670917      0.00014532874223469267      0.00012218414585605603
34  34     55.013155617496423     63.444863728670917      0.00018071576525637191      0.00012107607595576795
34  36     56.812058474788763     65.444863728670924      8.2100245779881985e-06       0.0001163111371038209
34  38     58.629316592997299     67.444863728670924     -6.0796080891459816e-05      0.00011601715735062756
34  40      60.46262762420146     69.444863728670924     -6.2902703004549378e-05      0.00012319343887462835
34  42     62.310043036836767     71.444863728670924     -5.2410553180600442e-05      0.00013039067226516896
34  44     64.169905660283021     73.444863728670924      3.7405440114989827e-05       0.0001276791961797558
34  46     66.040799340956909     75.444863728670924      9.7104729954939657e-05      0.00011881743186555544
34  48     67.921508225896062     77.444863728670924      0.00016127074629590979      0.00010872188589436702
34  50     69.810983706043572     79.444863728670924      7.4169109615479875e-05      0.00011259470376360596
34  52     71.708317466359716     81.444863728670924      0.00011362884579922779      0.00011146749566108585
34  54     73.612719418872643     83.444863728670924      7.7903881154504467e-05      0.00011567854989003228
34  56     75.523499553598128     85.444863728670924      2.3543226599500033e-05      0.00011809497338782854
34  58     77.440052945046304     87.444863728670924     -2.9788144766240245e-05      0.00010542167514701053
34  60     79.361847310675458     89.444863728670924       7.194922204060651e-06      0.00010728193912596117
36   2     36.110770276274835     36.221540552549669       0.0010143053646856067      0.00012486313569643476
36   4     36.439088914585774     36.878177829171548      0.00097773580472961842      0.00012411378042712911
36   6     36.973665961010276     37.947331922020552      0.00095422992635159321      0.00011495468246653017
36   8     37.697715603592208     39.395431207184416      0.00067688330181497978      0.00011281115570597767
36  10     38.591260281974002     41.182520563948003      0.00035893958362797642      0.00011071562167434042
36  12     39.633307652783941     43.176914536239799      0.00028676588722268228      0.00012347772973700757
36  14     40.803508501982762     45.176914536239799      0.00024429095436547064      0.00012183905902013207
36  16     42.083189157584592     47.176914536239799      0.00017403111880983017      0.00012172408879097933
36  18      43.45584412271571     49.176914536239799      0.00011213345057238935      0.00011878205880852355
36  20      44.90724809414742     51.176914536239799     -6.5613383271500273e-06      0.00012296311201711772
36  22     46.425340807103794     53.176914536239799      3.9469489101340616e-05      0.00011536080235618519
36  24                     48     55.176914536239799      3.2000152210812149e-05      0.00011103711273673098
36  26     49.622776601683796     57.176914536239799      0.00015020728309409991       0.0001083056695566422
36  28     51.286633954186478     59.176914536239799      0.00018417452251437002      0.00010508189015969791
36  30     52.985711369071801     61.176914536239799      0.00012646073397708054      0.00011279696630847586
36  32     54.715119501371639     63.176914536239799      0.00016572455063928551      0.00012075156860690011
36  34     56.470768123342687     65.176914536239792      0.00023006312018348119       0.0001240938532837976
36  36     58.249223594996216     67.176914536239792      9.4520465496128375e-05      0.00011789451092171292
36  38     60.047592083257278     69.176914536239792      -3.254969165110974e-05       0.0001198517095965338
36  40     61.863424398922618     71.176914536239792     -3.1257990982399299e-05      0.00012420025720454698
36  42     63.694638635183452     73.176914536239792      9.6096215017195251e-06       0.0001266689282498441
36  44     65.539457296018853     75.176914536239792      3.0959068879090046e-05      0.00012304117461750695
36  46     67.396356140913866     77.176914536239792      9.4274717770893352e-05      0.00011628249281552398
36  48     69.264022471905179     79.176914536239792      0.00018350974292820048      0.00011643391770889786
36  50     71.141321022345693     81.176914536239792      5.5056298348492927e-05      0.00011536489243648131
36  52     73.027265968790417     83.176914536239792     -9.8775111736304683e-06      0.00011324865321754483
36  54     74.920997883030822     85.176914536239792      4.1306739564246921e-05      0.00011200810866781172
36  56     76.821764679410961     87.176914536239792      3.1981574772760275e-05      0.00011553086540683635
36  58     78.728905802755904     89.176914536239792     -0.00012285446142102656      0.00010611693467921232
36  60     80.641839053463301     91.176914536239792     -3.4552125418362894e-05      0.00010794119163782005
38   2     38.104973174542799     38.209946349085598      0.00074983163511915449      0.00011403766239727176
38   4     38.416487838947603     38.832975677895199      0.00064982776868104607      0.00011748644604997104
38   6     38.924858845171272     39.849717690342551      0.00061035115567111941      0.00011680305532104547
38   8       39.6155281280883     41.231056256176608      0.00039164812951921553      0.00011504679978702381
38  10     40.470910553583892     42.941821107167776      0.00013594371878238926        0.000117741076274316
38  12     41.472205054244228     44.908965343808674       0.0001203327222603391      0.00011760863098547205
38  14      42.60084744241189     46.908965343808674      0.00023427057068068247      0.00011629800246647149
38  16     43.839484696748443     48.908965343808674      0.00012667808505371092      0.00011688801887714111
38  18     45.172504656604801     50.908965343808674      3.2495337828740127e-05      0.00011600385062178554
38  20     46.586228448267448     52.908965343808674     -5.5352130159060194e-05      0.00012000112809272065
38  22     48.068883707497264     54.908965343808674     -6.4831472192199515e-05      0.00011842194422788599
38  24     49.610455730027937     56.908965343808674      1.1867205158514944e-05      0.00011248375398869071
38  26     51.202484376209235     58.908965343808674      0.00011569560840255057      0.00011413693583222903
38  28     52.837848631377263     60.908965343808674      0.00017301636773938271      0.00011700688104996521
38  30     54.510561809129406     62.908965343808674      5.2146944510860499e-05      0.00012339373877626509
38  32     56.215588131856791     64.908965343808674      0.00016674833298775281      0.00012264854450155696
38  34     57.948684188300895     66.908965343808674      0.00022902972674168978      0.00012324696446311818
38  36      59.70626487409524     68.908965343808674       0.0002174442954633779      0.00011838559135163296
38  38     61.485291572496003     70.908965343808674      9.7686324897696948e-05       0.0001176616529247184
38  40     63.283179650969061     72.908965343808674      6.0191753080919524e-05      0.00012280378567184629
38  42     65.097722286464432     74.908965343808674     -1.8060238473640296e-05      0.00012276087562716647
38  44     66.927027865287045     76.908965343808674       7.904787981107987e-05      0.00012510956182149415
38  46     68.769468552517225     78.908965343808674      4.9105626885566079e-05      0.00011887234038430346
38  48     70.623637996561229     80.908965343808674      0.00015942311699147991      0.00011410938164997992
38  50     72.488316481265329     82.908965343808674       4.105409454719992e-05      0.00010926392277839483
38  52     74.362442142665628     84.908965343808674     -1.7279801205728863e-05      0.00010093087501561945
38  54     76.245087125446844     86.908965343808674      9.6957732888501799e-05      0.00010425656822950307
38  56     78.135437767890068     88.908965343808674      9.4121859968342562e-06      0.00010418088329128126
38  58     80.032778078668514     90.908965343808674     -7.9676860797222972e-05      9.7953122654821997e-05
38  60     81.936475910238244     92.908965343808674     -9.2439948053111656e-05      0.00010807361293780363
40   2      40.09975124224178      40.19950248448356      0.00042074883559687943      0.00011435628250077615
40   4     40.396078054371138     40.792156108742276      0.00045556448353594218      0.00010997395537448982
40   6     40.880613017821105     41.761226035642203      0.00035004911584749328      0.00011133752651504967
40   8     41.540659228538019      43.08131845707603      0.00013776654081164094      0.00011227767290823167
40  10     42.360679774997898     44.721359549995796      8.2269789500114428e-06      0.00011118585947650195
40  12     43.323807579381203     46.641016151377549      5.8418031588099685e-05      0.00012087726813397325
40  14     44.413111231467404     48.641016151377549      0.00012791625546752024      0.00011247675886857234
40  16     45.612496949731394     50.641016151377549      5.3084463654395885e-05      0.00011088432633452744
40  18      46.90724809414742     52.641016151377549      -4.371416587204087e-05      0.00010778529994839992
40  20     48.284271247461902     54.641016151377549     -1.0482664865119552e-05      0.00011372577642478469
40  22     49.732137494637016     56.641016151377549      4.6086176571950419e-05      0.00011320155371994198
40  24     51.240998703626616     58.641016151377549      0.00013710060220264032      0.00011413894740589931
40  26     52.802438933713454     60.641016151377549      0.00014728827726785999      0.00011564647139173887
40  28     54.409301068170507     62.641016151377549      0.00019050018025717558       0.0001186598653380376
40  30     56.055512754639892     64.641016151377556      0.00015873626335656128      0.00011978021362572884
40  32     57.735924528226413     66.641016151377556      0.00021980953341059066      0.00011670959872091895
40  34     59.446165846632042     68.641016151377556       0.0001903869823042873      0.00012053182712937889
40  36     61.182520563948003     70.641016151377556      0.00015327496343591417      0.00011683014299863295
40  38     62.941821107167776     72.641016151377556      0.00013181636260841726      0.00011498769409891254
40  40     64.721359549995796     74.641016151377556       1.773831684250929e-05      0.00012277576265568358
40  42     66.518813398452039     76.641016151377556     -4.2728795355308647e-05      0.00011916599712954433
40  44     68.332183894378289     78.641016151377556      3.9351867857388001e-05      0.00012237096263940453
40  46     70.159744815937813     80.641016151377556     -1.6896648195900528e-05      0.00012307912052559377
40  48                     72     82.641016151377556       5.861330123799828e-05      0.00010868037509157249
40  50     73.851648071345039     84.641016151377556      3.3711850698709795e-05      0.00011357720476727649
40  52     75.713553108736477     86.641016151377556     -4.4532512240639574e-05      0.00010541260912368174
40  54     77.584720195551881     88.641016151377556      1.9616748267577978e-05      0.00010617020227383953
40  56     79.464274989274031     90.641016151377556      3.5124411083659956e-05      0.00010926978072794128
40  58     81.351446600711867     92.641016151377556     -7.5177840986278828e-05      0.00011095086281342411
40  60     83.245553203367592     94.641016151377556     -0.00011226718782486238       0.0001093143807123512
42   2     42.095023109728984     42.190046219457976      0.00024607478829693423      0.00010065299365636816
42   4     42.377558326431952     42.755116652863897      0.00027473075259133365      0.00010658921494150206
42   6     42.840329667841559      43.68065933568311      0.00017323082169681627      0.00010181417750877173
42   8     43.472205054244228     44.944410108488462      2.2718071415610433e-05      0.00010143936688057476
42  10      44.25940669922602     46.518813398452032      1.5358331900460428e-05      0.00010363280985876688
42  12     45.186773244895647     48.373546489791295      0.00010036873410957254      0.00011468512819436612
42  14     46.238858928247922     50.373066958946424      0.00018085020098688041      0.00011169490520007099
42  16     47.400757564888167     52.373066958946424      0.00018407649183895124      0.00011029411164122437
42  18     48.658633371878665     54.373066958946424      5.1477252385713167e-05      0.00010486209443303614
42  20                     50     56.373066958946424      5.9950997662679554e-05       0.0001106372938120616
42  22     51.413812651491099     58.373066958946424      0.00015202620196215922      0.00011321569208715044
42  24     52.890437438203946     60.373066958946424      0.00018500252917241037      0.00011538081579669402
42  26     54.421549934136806     62.373066958946424       0.0001297441953797403      0.00011871070813855255
42  28                     56     64.373066958946424      0.00014292711747950114      0.00012287581731466611
42  30      57.61966684720111     66.373066958946424      0.00018883221758385395      0.00011428940352892119
42  32     59.275318418009277     68.373066958946424      0.00023963142100678989      0.00010790124313873446
42  34     60.962482405376171     70.373066958946424      0.00020383082736207775       0.0001135276229046408
42  36     62.677331968349414     72.373066958946424      0.00019447228177924935      0.00011493255109825319
42  38     64.416586692184822     74.373066958946424       0.0001533449403575778      0.00011494130586420648
42  40     66.177427992306065     76.373066958946424      4.3407597251878507e-05      0.00011995347045764233
42  42     67.957427527495582     78.373066958946424     -2.6624363370829731e-05      0.00011965045065612226
42  44     69.754486972995622     80.373066958946424     -1.7675817883999441e-05      0.00012530153784532128
42  46     71.566787519082126     82.373066958946424      2.6154563949540269e-05      0.00012458976385193451
42  48     73.392747589718937     84.373066958946424       2.740532027000001e-05      0.00011037174828429042
42  50     75.230987451825001     86.373066958946424     -1.3079061241679692e-05      0.00011468141456244577
42  52     77.080299571239806     88.373066958946424     -8.7075462192649661e-05      0.00011218384151278486
42  54     78.939623747483893     90.373066958946424     -3.6897116375260478e-05      0.00011442238944417671
42  56     80.808026217222718     92.373066958946424     -8.3694376556559292e-05      0.00011872887304474668
42  58     82.684682053164551     94.373066958946424     -8.4730641505489934e-05      0.00011838208053197041
42  60     84.568860301251277     96.373066958946424     -0.00016051798313645961       0.0001142274095373196
44   2     44.090722034374522     44.181444068749045       9.058746084098971e-05      0.00010240697003971072
44   4     44.360679774997898     44.721359549995796      0.00013549749385350198      9.9399174950275514e-05
44   6     44.803508501982762     45.607017003965517      1.9275753042160842e-05      9.4691083033374032e-05
44   8     45.409399821439251     46.818799642878503     -2.5869979984409911e-05      9.7789325312670189e-05
44  10     46.166091947189145     48.332183894378289     -1.2138076263400922e-05      0.00010752761763999946
44  12     47.059928172283335     50.119856344566671      4.6555996674627236e-06      0.00010846885838448038
44  14     48.076809620810593     52.105117766515306      0.00017486898570242269      0.00011397809608764771
44  16     49.202941017470891     54.105117766515306      0.00017735554952280673      0.00010705470841083156
44  18     50.425340807103794     56.105117766515306      0.00016340298418742851      0.00010965248817362456
44  20     51.732137494637016     58.105117766515306      0.00015267290952472235      0.00011357099845229515
44  22     53.112698372208087     60.105117766515306      0.00028472444710990773      0.00012245502966112123
44  24     54.557641192199412     62.105117766515306      0.00024941994953834841      0.00011027799259840157
44  26     56.058772731852805     64.105117766515306      0.00018927631379814653      0.00011165537713653777
44  28     57.608987629529715     66.105117766515306      0.00020015462332059248      0.00011246792497704089
44  30      59.20215047547655     68.105117766515306      4.0584882899343313e-05      0.00010838049054469628
44  32     60.832975677895199     70.105117766515306       0.0002125124041522393        0.000107277690046782
44  34     62.496913462633174     72.105117766515306      0.00017271442680711748      0.00011146623473009816
44  36     64.190046219457969     74.105117766515306      0.00018579888552782111      0.00011381518886546925
44  38     65.908996800200299     76.105117766515306      0.00015282041684955077      0.00011195367500425028
44  40     67.650848842053307     78.105117766515306      0.00012533047161941252      0.00011200819303263584
44  42     69.413078364518782     80.105117766515306      -5.453799606207705e-06      0.00011270160495591445
44  44     71.193495504995383     82.105117766515306      2.4695374518790362e-06       0.0001182040585800242
44  46     72.990195135927848     84.105117766515306      2.8629488723556552e-07      0.00011950441313568285
44  48     74.801515129776334     86.105117766515306       2.021017392253055e-05       0.0001075061884453279
44  50     76.626001134990645     88.105117766515306     -0.00010189135043985851      0.00010734597706096537
44  52     78.462376853972415     90.105117766515306     -0.00015570146371771937      0.00010984914088176734
44  54     80.309518948453004     92.105117766515306     -0.00012021612583283146      0.00011399685672120956
44  56     82.166435825965294     94.105117766515306     -0.00012775865320325375      0.00011808791583520465
44  58     84.032249677083286     96.105117766515306     -0.00016629887721253007      0.00011409082149562429
44  60     85.906181234681839     98.105117766515306     -0.00013263967997599266      0.00011650609395188617
46   2     46.086792761230392     46.173585522460783     -4.6676912566959848e-06      0.00010920254511575499
46   4     46.345235059857501     46.690470119715009     -5.5979468846703339e-06      0.00010344490440676353
46   6     46.769728648009426     47.539457296018853     -6.6051358833691461e-05      9.9784447859443926e-05
46   8     47.351591323771842     48.703182647543684      3.9816222419905481e-06      0.00010090270722301555
46  10     48.079872407968907     50.159744815937813      5.2172513340681352e-05      0.00011221565819871086
46  12      48.94224354214569     51.884487084291386      6.8684890275429937e-05       0.0001082400899597204
46  14      49.92582403567252     53.837168574084188      0.00015290740069403834      0.00011184878778863374
46  16     51.017851452243804     55.837168574084188      0.00024371399281927967      0.00011120301625982819
46  18     52.206163733020468     57.837168574084188      0.00023306620841310593      0.00011018524895943472
46  20     53.479501308256346     59.837168574084188      0.00024917210719203984       0.0001109294776711098
46  22     54.827660925679098     61.837168574084188      0.00021985898472232708      0.00010952760849885083
46  24     56.241540277189323     63.837168574084188      0.00022348143666105146      0.00010034394908387688
46  26     57.713109915419565     65.837168574084188      0.00022785837162791258      0.00010345211535363185
46  28     59.235341863986875     67.837168574084188      0.00020507351815233775      0.00010446070676539523
46  30     60.802116342871599     69.837168574084188      0.00014950466485843045      9.8723087579333281e-05
46  32     62.408120990476064     71.837168574084188       0.0001982793047038306       0.0001086738985127536
46  34     64.048751503547578     73.837168574084188      0.00013384661012161568      0.00010656231684851528
46  36     65.720018726587654     75.837168574084188      0.00013196841855850057      0.00011286531219502202
46  38     67.418464629025621     77.837168574084188      0.00014195684500651885      0.00011493948005435172
46  40     69.141087980237302     79.837168574084188      4.2473088582589097e-05      0.00011036316369747809
46  42     70.885279575251516     81.837168574084188     -8.0970682004510194e-06      0.00010900159131334324
46  44     72.648766349225639     83.837168574084188     -9.4725859726726925e-06        0.000112744305815386
46  46     74.429563482495155     85.837168574084188     -3.2201226303359562e-05      0.00011676444059929036
46  48     76.225933528685061     87.837168574084188     -8.5488008671070581e-05       0.0001123799423032479
46  50     78.036351623268047     89.837168574084188     -0.00019353268465771952      0.00010543850988465666
46  52        79.859475903318     91.837168574084188     -0.00010496812916946756      0.00010674858482204161
46  54     81.694122363316751     93.837168574084188       -9.47718076684553e-05       0.0001160108442289278
46  56     83.539243470661233     95.837168574084188     -6.0153513642270682e-05      0.00012099576826384477
46  58     85.393909959225994     97.837168574084188      -7.351337585933042e-05      0.00011906633799577673
46  60     87.257295305669373     99.837168574084188     -9.3457267846770028e-05      0.00012202237564367164
48   2     48.083189157584592     48.166378315169183      -1.850830944680503e-06      0.00011896332120931128
48   4     48.331050121192874     48.662100242385755     -9.7957635346067028e-05      0.00010987084625852763
48   6     48.738633753705962     49.477267507411923     -9.8419162443670448e-05      0.00010726222534747089
48   8      49.29822128134704     50.596442562694072      2.9389115581414136e-05      0.00011457673362130297
48  10                     50                     52      0.00012645363197177881      0.00011297081168309861
48  12     50.832815729997478     53.665631459994955      0.00018635845358762332      0.00011990646934365259
48  14     51.784887978899604     55.569219381653063      0.00015341528552749957      0.00011741429132009988
48  16     52.844410203711917     57.569219381653063      0.00020558239434556911      0.00011129985998840448
48  18                     54     59.569219381653063      0.00017966769697613037      0.00010878342523954236
48  20     55.240998703626616     61.569219381653063      0.00024843064588865821      0.00010267763297371895
48  22     56.557641192199412     63.569219381653063      0.00021249198563184882      0.00010813586548858607
48  24     57.941125496954278     65.569219381653056      0.00021938102035484438      0.00011050540124893986
48  26     59.383612025908263     67.569219381653056      0.00024716042279314935      0.00011117483810801709
48  28     60.878177829171548     69.569219381653056      0.00019836706740648959      0.00010228776724727727
48  30     62.418745424597091     71.569219381653056      0.00018246154929089985      0.00010056974151371232
48  32                     64     73.569219381653056      0.00017479952394359888      0.00010213856859365503
48  34     65.617304093369626     75.569219381653056      0.00015865565760210594      0.00010617097734636796
48  36     67.266615305567882     77.569219381653056      2.9580224905240544e-05       0.0001045188121094311
48  38     68.944410108488455     79.569219381653056      8.6298952836949119e-05      0.00010668972918975322
48  40     70.647615158762406     81.569219381653056      1.0551630770529864e-05      0.00010415496983872099
48  42     72.373546489791295     83.569219381653056     -6.4952742324739449e-05      0.00010446821869356669
48  44     74.119856344566671     85.569219381653056     -1.7423653592170598e-05      0.00011151107907934734
48  46     75.884487084291379     87.569219381653056     -5.6596569472079998e-05      0.00012157708837625413
48  48     77.665631459994955     89.569219381653056     -8.4584450508020336e-05      0.00011672229948241552
48  50     79.461698495448189     91.569219381653056     -8.6587907387932861e-05       0.0001110728024722088
48  52     81.271284253105421     93.569219381653056     -0.00010385597030361046      0.00011472285262115108
48  54     83.093146810776631     95.569219381653056     -1.6520045743669667e-05      0.00011527025733804523
48  56     84.926184846911269     97.569219381653056     -1.4287397085302723e-06      0.00012008056685630471
48  58     86.769419305900868     99.569219381653056     -1.7327467642538841e-06      0.00012112565614182885
48  60     88.621977685614041     101.56921938165306     -0.00011847588954391207      0.00012624075718196609
50   2     50.079872407968907     50.159744815937813      3.8042744666080751e-05      0.00012320409937323991
50   4      50.31797780234433     50.635955604688654     -1.8037113250009871e-05      0.00012672510173660021
50   6     50.709920264364882     51.419840528729765      1.0850779119539616e-05      0.00012539726930282054
50   8     51.248809496813379     52.497618993626752      8.2703371139299941e-05      0.00012498682795893074
50  10      51.92582403567252     53.851648071345039       0.0002033664573770978      0.00012229668268602187
50  12     52.730849247724095     55.461698495448189      0.00018900955129792468      0.00011890236950715858
50  14     53.653097563788805      57.30619512757761      0.00016243786662225172      0.00011954724287654862
50  16     54.681644159311659     59.301270189221938      0.00025096335619442323      0.00011285797696995725
50  18     55.805843601498722     61.301270189221938       0.0002927300686011927      9.9194558553107072e-05
50  20     57.015621187164243     63.301270189221938      0.00028935917164698926      0.00010309075850035392
50  22     58.301651610693426     65.301270189221938      0.00027068861990659475      0.00011389420294510188
50  24     59.655446902326915     67.301270189221938      0.00020774042352388297      0.00011299641143957589
50  26     61.069377593742864     69.301270189221938      0.00022120096611949702      0.00010310596773257983
50  28     62.536648758246919     71.301270189221938      0.00012731290439374913      9.9115078205671758e-05
50  30     64.051248379533263     73.301270189221938      2.8427572127959735e-05      9.6218031078672926e-05
50  32     65.607881008493905     75.301270189221938      5.4113622858660585e-05      9.6736613261852558e-05
50  34     67.201895692018383     77.301270189221938      2.6177331249596793e-06      0.00010190012171970545
50  36     68.829214001622262     79.301270189221938     -6.3165007358866943e-05      0.00010768365847750083
50  38     70.486261662176645     81.301270189221938      7.3258139573260334e-05      0.00010797534611924947
50  40     72.169905660283021     83.301270189221938      3.8882312333394687e-05      0.00011158073947512828
50  42     73.877397639399746     85.301270189221938     -3.0287772817600248e-05      0.00011214643958811068
50  44     75.606323715519977     87.301270189221938      7.9662785550378905e-08      0.00011658227811294533
50  46     77.354560450833702     89.301270189221938     -2.7240189226737812e-06      0.00012177628660897434
50  48     79.120236510939236     91.301270189221938       8.858779704369529e-06      0.00011762370775752801
50  50     80.901699437494742     93.301270189221938          8.394443250038e-05       0.0001126478876803809
50  52     82.697486947006624     95.301270189221938      1.4992966853820297e-05      0.00011503530756522696
50  54     84.506302187247357     97.301270189221938      9.9129781350120502e-05      0.00011467619492442936
50  56     86.326992425847862     99.301270189221938      0.00011652135579148078      0.00011905543564769536
50  58     88.158530698552511     101.30127018922194     -1.7868129354236763e-05      0.00011693187174481064
50  60                     90     103.30127018922194     -0.00010902637301314821      0.00011769041587720178
52   2     52.076809620810593     52.153619241621193      8.5032711720997074e-05      0.00012316176950209477
52   4     52.305892875931811     52.611785751863621     -4.2866743143499672e-05      0.00012895030966774388
52   6     52.683328128252668     53.366656256505337     -1.8257598475960119e-06      0.00013015035009894939
52   8     53.202941017470891     54.405882034941776      4.4529783321010602e-05      0.00012419843880103094
52  10     53.856776554368238     55.713553108736477      0.00018872444483460167      0.00012083259741490759
52  12      54.63564212655271     57.271284253105414      0.00013518193026930148       0.0001150726968365771
52  14     55.529646120466801     59.059292240933601      0.00014511214350557063      0.00011222341706597163
52  16     56.528675044947491     61.033320996790813      0.00016971503752418734      0.00010450761853771374
52  18     57.622776601683796     63.033320996790813      0.00020446763076467804      9.9126640340533947e-05
52  20     58.802438933713454      65.03332099679082      0.00021506651974360466      0.00010102245881942401
52  22     60.058772731852805      67.03332099679082      0.00016679810196194048      0.00011151804152525238
52  24     61.383612025908263      69.03332099679082       0.0001749067888620069      0.00011193114946625737
52  26      62.76955262170047      71.03332099679082      0.00016070486696709229      0.00011152893117982592
52  28     64.209946349085598      73.03332099679082      2.4170941560155838e-06      9.9268936764574018e-05
52  30     65.698866482558415      75.03332099679082     -9.3817779980911591e-05      0.00010012101035043471
52  32     67.231056256176601      77.03332099679082     -8.8339562040889709e-05       9.493209056308766e-05
52  34     68.801869118065383      79.03332099679082     -0.00013000425370666071      0.00010165254136540656
52  36     70.407206622349037      81.03332099679082     -4.0423479091129828e-05      0.00011257585905621924
52  38     72.043457732885344      83.03332099679082      4.8012712945280246e-05      0.00011493861617094458
52  40     73.707441767506253      85.03332099679082      9.1521990791130109e-05      0.00011838892644143898
52  42     75.396356140913866      87.03332099679082      2.3591164277609394e-05      0.00011308675060354595
52  44     77.107729356722558      89.03332099679082      -3.888495600466946e-05      0.00011338296103156996
52  46     78.839379254491632      91.03332099679082      3.4049707772270715e-05      0.00011495773026300234
52  48     80.589376255824732      93.03332099679082      8.8107919984630416e-05      0.00011680216846399873
52  50     82.356011214421486      95.03332099679082      0.00013633289965523079      0.00011601402936914677
52  52     84.137767414994528      97.03332099679082      9.2512727726659719e-05      0.00011004007659676621
52  54     85.933296255086788      99.03332099679082      0.00012086024445092998      0.00011737972858857038
52  56     87.741396161732524     101.03332099679082      8.9990985514618952e-05      0.00012091101459067113
52  58     89.560994328282817     103.03332099679082     -0.00010820448214966379      0.00012408323605315517
52  60     91.391130897087265     105.03332099679082     -0.00010077194694479709      0.00011725511265666191
54   2     54.073972741361771     54.147945482723536       0.0001020393870258599      0.00012168763397817779
54   4     54.294688127912366     54.589376255824725      1.8639356405499496e-05      0.00011910988815480223
54   6     54.658633371878665     55.317266743757322     -1.3157957314981828e-05      0.00011895026031509934
54   8     55.160255680657443     56.320511361314892        7.77207231753363e-05      0.00012574646797649931
54  10     55.792360097775941     57.584720195551874      0.00013987220344260047      0.00012061913131057113
54  12     56.546573405388315     59.093146810776631      0.00011888951843754098      0.00011168804652983831
54  14     57.413812651491099     60.827625302982199       0.0001581215346287959      0.00011380655422106399
54  16     58.384709652950434     62.765371804359695      0.00016858943688323041      0.00010726186595886207
54  18     59.449961479175904     64.765371804359688      0.00015474138717730672      0.00010855357369905123
54  20     60.600595232822883     66.765371804359688      0.00010414580776577204       0.0001061835810411115
54  22     61.828149534535996     68.765371804359688      5.3960821426941717e-05      0.00010732696473991482
54  24     63.124783736376884     70.765371804359688      2.1140862420300156e-05      0.00011595824789120556
54  26     64.483329627982627     72.765371804359688      -4.425694755333124e-05      0.00011495042499401625
54  28     65.897300677553446     74.765371804359688     -0.00017075148905333062      0.00010673032006534935
54  30     67.360872141221137     76.765371804359688     -0.00024745282452847978      0.00010550058314707641
54  32     68.868842830916634     78.765371804359688     -0.00023882784536176984      0.00010412653160670101
54  34     70.416586692184822     80.765371804359688     -0.00012451022954740136      0.00010706721992354625
54  36                     72     82.765371804359688      1.9714881021411736e-06      0.00011423565423801339
54  38     73.615448083226653     84.765371804359688      5.8765146863630304e-05      0.00011494568489207807
54  40     75.259714048054619     86.765371804359688      3.0691467205670671e-05      0.00012094873029113911
54  42     76.929950931279706     88.765371804359688      -7.584570780965193e-05      0.00010834756706535131
54  44     78.623637996561229     90.765371804359688     -0.00012069959267452059      0.00011109547674931939
54  46     80.338541412378348     92.765371804359688     -1.4396547056899976e-05      0.00011360395830791766
54  48     82.072679252057455     94.765371804359688      4.3204603859980271e-05      0.00010628776407856497
54  50     83.824290580701486     96.765371804359688      0.00011873613691570059      0.00011627949930089268
54  52     85.591808301161009     98.765371804359688      0.00010710811906699481      0.00011478319450101592
54  54     87.373835392494328     100.76537180435969      0.00010693312258863968      0.00011797375648174619
54  56     89.169124169478209     102.76537180435969       0.0001337872113303495      0.00012837424047528907
54  58     90.976558206893259     104.76537180435969      1.0394705726131091e-05       0.0001238048520971067
54  60      92.79513659838392     106.76537180435969      -6.303811830765961e-05      0.00011243846810158069
56   2     56.071337695236394     56.142675390472796      0.00016228047879087028      0.00010930735486422881
56   4     56.284271247461902     56.568542494923804      3.1265293743577713e-05      0.00010665674804338055
56   6      56.63564212655271     57.271284253105414      6.3409389616290472e-05      0.00011167790113485613
56   8     57.120439557122069     58.240879114244144      8.1924455441130905e-05      0.00012138391075994007
56  10     57.732137494637016     59.464274989274024      0.00014261374974550937      0.00011472701560680754
56  12     58.463092423455635     60.926184846911269      0.00014053883448244864      0.00011228112598858865
56  14     59.304951684997057     62.609903369994115      0.00015187631739692605      0.00011591352011604478
56  16     60.249030993194197     64.498061986388393      0.00015147167975739301      0.00011708373469061388
56  18     61.286633954186478      66.49742261192857       0.0001431737157505002      0.00011152224938660121
56  20     62.409301068170507      68.49742261192857      4.9789824556129376e-05      0.00011212385679427642
56  22     63.608987629529715      70.49742261192857      0.00012090790532420833      0.00011384260804880873
56  24     64.878177829171548      72.49742261192857      2.3179398914318458e-05      0.00011740148384562121
56  26     66.209946349085598      74.49742261192857      -9.120665028080996e-05      0.00011042584976071282
56  28     67.597979746446669      76.49742261192857     -0.00022837797601857194       0.0001077853861248458
56  30     69.036569057366393      78.49742261192857     -0.00020921032399881379      0.00010804439624852717
56  32       70.5205832509386      80.49742261192857     -0.00015590699784245285      0.00010503100380432101
56  34     72.045431091090478      82.49742261192857     -3.1860823434500256e-05      0.00011433589162946763
56  36     73.607017003965524      84.49742261192857      5.8680219083809641e-05      0.00011414357595555888
56  38      75.20169488482378      86.49742261192857      3.3031972141720452e-05      0.00011655770761456495
56  40     76.826222462934808      88.49742261192857     -2.7435337769870203e-05       0.0001083695044081525
56  42     78.477717856495843      90.49742261192857     -0.00011032659180699093      0.00011298725451944231
56  44     80.153619241621186      92.49742261192857     -8.1723449429190522e-05       0.0001046885508899331
56  46     81.851648071345039      94.49742261192857     -9.2855692432931622e-05      0.00011116989570459421
56  48     83.569775957799209      96.49742261192857     -3.1041477731530492e-05      0.00011431729588403828
56  50      85.30619512757761      98.49742261192857      9.7051883258099638e-05      0.00011669125346015381
56  52     87.059292240933601     100.49742261192857       7.043673609781996e-05      0.00011716573439742354
56  54     88.827625302982199     102.49742261192857      0.00012869811485831002      0.00012280928262998317
56  56     90.609903369994115     104.49742261192857      0.00014412365185903064      0.00011613461837647555
56  58     92.404968752418469     106.49742261192857      6.4537454206660031e-05      0.00011426591365745818
56  60     94.211781428987393     108.49742261192857     -5.8242665231149526e-05      0.00010690336604432337
58   2     58.068883707497264     58.137767414994535      0.00019156527264375879      0.00011317146134420194
58   4     58.274562336608895      58.54912467321779      0.00014459608274339017       0.0001043724252383955
58   6     58.614185789921692      59.22837157984339      7.0933781815951707e-05      0.00011267487755564059
58   8     59.083217912982647     60.166435825965294       9.962685687931838e-05       0.0001144663280926085
58  10     59.675723300355934     61.351446600711867      4.3929104501519802e-05      0.00011711472008834612
58  12     60.384709652950434     62.769419305900861      4.7028822701200158e-05      0.00010733156357685916
58  14     61.202484376209235     64.404968752418469      7.1706134091025305e-05      0.00010998913165052058
58  16     62.120990323358392     66.241980646716783     -6.7886119688152132e-06      0.00011550933484477072
58  18     63.132096331752024     68.229473419497452      3.2991597103699916e-05      0.00010552159923993809
58  20     64.227829907617064     70.229473419497452      8.8403425868143315e-06      0.00011238184757339245
58  22     65.400549446402593     72.229473419497452      3.0298169744800451e-05      0.00011361306823979689
58  24     66.643060449437428     74.229473419497452     -4.5553452066410391e-05      0.00012017314380710441
58  26     67.948684188300888     76.229473419497452      -0.0001166179461947802      0.00011667322679316896
58  28     69.311288741492746     78.229473419497452     -0.00017830921993400458      0.00011256232321208462
58  30     70.725292090050132     80.229473419497452     -0.00014662967207929026      0.00010885990480824674
58  32     72.185645763378375     82.229473419497452     -5.5938235810868437e-05      0.00010447668481695874
58  34     73.687805943008669     84.229473419497452      8.1989488621371599e-05      0.00011458623838379013
58  36     75.227697325304888     86.229473419497452      0.00011685745662860987      0.00011780680266889804
58  38     76.801673610868477     88.229473419497452      0.00013831418121464047      0.00011611724185742062
58  40     78.406477308142499     90.229473419497452      7.7622273149082735e-05      0.00010944608102550835
58  42     80.039200620699376     92.229473419497452       4.487443060689868e-05      0.00010623623304723273
58  44     81.697248505021591     94.229473419497452      4.6145707285459421e-05      0.00011046385370039057
58  46     83.378304497290088     96.229473419497452      0.00013192095712898024      0.00011158395322384416
58  48     85.080299571239806     98.229473419497452      6.6426569198380192e-05      0.00011349369962786346
58  50     86.801384066473702     100.22947341949745      8.2372304159224991e-05      0.00011418995196760143
58  52     88.539902586416787     102.22947341949745     -7.7405839004103041e-06      0.00011299361147665545
58  54     90.294371682887828     104.22947341949745      0.00011394384653463062      0.00011961644875715504
58  56     92.063460101710248     106.22947341949745      7.4049006788069993e-05      0.00011640365750810004
58  58     93.845971347493901     108.22947341949745     -1.9884450693387472e-05      0.00010937849132805513
58  60     95.640828326184547     110.22947341949745     -7.5535971310097814e-06      9.9042445923658545e-05