2   2     3.4142135623730949     3.8637033051562732         0.35312161269999953      0.00044902152535225396
2   4     5.2360679774997898     5.8186258223528196         0.17469161327200128      0.00037262272885994454
2   6       7.16227766016838     7.7964485306340947        0.090706154304238659      0.00030652987769809947
2   8     9.1231056256176615     9.7832925398917734        0.048614125414638103      0.00025074294054831261
2  10     11.099019513592784     11.774591973880774        0.026625819080226102      0.00021026653924829144
2  12     13.082762530298218     13.768413829546708        0.014808272901536593      0.00018174305967544926
2  14     15.071067811865476     15.763801020436935       0.0082598683930235478      0.00016431613277236734
2  16     17.062257748298549     17.760225951327421       0.0046951315385609198      0.00014709476605567125
2  18     19.055385138137417     19.757374042935957       0.0027247896904580566      0.00014722548486919442
2  20      21.04987562112089     21.755046134236419       0.0017566981988797932      0.00013585136600461484
2  22     23.045361017187261     23.753110018122484      0.00092136371534019118      0.00012903152290477015
2  24     25.041594578792296     25.751474496876988      0.00039356923667064513       0.0001268376349959834
2  26     27.038404810405297     27.750074630414634      0.00013220986503367695      0.00013271100770830563
2  28     29.035668847618197      29.74886292320863     -0.00018517665860405793       0.0001264935010407854
2  30      31.03329637837291     31.747803836708655     -0.00034049785798678323      0.00012382788965878134
2  32     33.031219541881399     33.746870250208509     -0.00027519537090043021      0.00012669549398868429
2  34     35.029386365926399     35.746041108277765     -0.00020630217197579797      0.00012885494940529616
2  36     37.027756377319946     37.745299815274471     -9.7673582228480473e-05      0.00012359741414184628
2  38      39.02629759044045     39.744633114110314      3.7586103309849779e-05       0.0001264357644507737
2  40     41.024984394500791     41.744030287042364      5.0921322879920685e-05      0.00012597485496385248
2  42     43.023796041628643     43.743482575531019      0.00012409907857269123       0.0001297251084506144
2  44     45.022715545545239     45.742982752178072      0.00013857956588698926      0.00013655839547974585
2  46     47.021728866442672     47.742524800185599      0.00020902544522689978      0.00012753870749066123
2  48      49.02082429892863     49.742103670096341      0.00024253563749967978      0.00012254894240652897
2  50     51.019992006393608     51.741715092919826      0.00020467306593417942      0.00012769057877691034
2  52     53.019223662515373     53.741355434964269      0.00010718972275924029       0.0001362896416321433
2  54     55.018512172212596     55.741021583905678      8.7354279674692169e-05      0.00013867212808146704
2  56     57.017851452243804      57.74071085852438     -2.0324344170509489e-05      0.00013737797168551622
2  58     59.017236257093813      59.74042093656513     -2.0584525169229859e-05       0.0001395617448684046
2  60     61.016662039607269      61.74014979661343       -9.92946315711211e-05      0.00015514888788310761
4   2     5.2360679774997898     5.8186258223528187         0.17478127199899932       0.0003693922718121313
4   4     6.8284271247461898     7.7274066103125465        0.094841648220801392       0.0002972369142546474
4   6     8.6055512754639896     9.6731183897258823        0.052021677776851509      0.00023900141615484772
4   8      10.47213595499958     11.637251644705639        0.028763106667274593      0.00018568561205732685
4  10     12.385164807134505     13.611834273996839        0.016123529220736305      0.00014588850177767561
4  12      14.32455532033676     15.592897061268189       0.0090791470492141615       0.0001325648203233186
4  14     16.280109889280517     17.578249208150883       0.0050971917186487707      0.00012479015518008292
4  16     18.246211251235323     19.566585079783547       0.0030030424130254134      0.00011959390668257644
4  18     20.219544457292887     21.557079072661008       0.0017497016395216604      0.00011059015787194002
4  20     22.198039027185569     23.549183947761549       0.0011618816819782779      0.00010331423339369903
4  22     24.180339887498949      25.54252280151789      0.00060357855308129768      0.00010121760580810116
4  24     26.165525060596437     27.536827659093415      0.00026085221649110152      9.2648185237363085e-05
4  26     28.152946437965905     29.531902816905706      0.00011326112561926156      9.3769452691081686e-05
4  28     30.142135623730951      31.52760204087387     -0.00018535348681336897      9.7725256941550735e-05
4  30     32.132745950421558     33.523813877723775     -0.00024723014945065083      0.00010026740290705446
4  32     34.124515496597098     35.520451902654841     -0.00016767880868760802      0.00010050618019419527
4  34      36.11724276862369     37.517448071922047     -0.00019066857765233635      9.6071524514883155e-05
4  36     38.110770276274835     39.514748085871915     -5.2640330353679502e-05      9.4182805728551885e-05
4  38     40.104973174542799     41.512308087487369     -9.5729127679921057e-05      9.7886191785659461e-05
4  40      42.09975124224178     43.510092268472839     -6.8286067874111215e-05      9.0483719147428708e-05
4  42     44.095023109728984     45.508071104712521      6.3703067309489034e-05      9.5395627940562114e-05
4  44     46.090722034374522     47.506220036244969      9.9058575406059605e-05      9.8819178046813231e-05
4  46     48.086792761230392     49.504518466425601      0.00022329056668416458      9.6081812778129377e-05
4  48     50.083189157584592     51.502948993753975      0.00016386154518360994      8.9799870199278316e-05
4  50     52.079872407968907      53.50149681563849      0.00015594703067246086      9.3224511091563562e-05
4  52     54.076809620810593     55.500149260829268     -1.6177727271421133e-05      0.00010061714807703783
4  54     56.073972741361771     57.498895419258943      4.8657904971830152e-05      0.00010138419089897031
4  56     58.071337695236394     59.497725846417261     -1.4261767726589856e-05      0.00010484208586356125
4  58     60.068883707497264     61.496632325323141       1.514893382973952e-05      0.00010710780520069018
4  60      62.06659275674582     63.495607673417311      7.6228000243398095e-06      0.00011801494972340051
6   2       7.16227766016838     7.7964485306340947        0.090780802509123848      0.00029587094142803291
6   4     8.6055512754639896     9.6731183897258823        0.051910706107254324      0.00022952523212535833
6   6     10.242640687119284      11.59110991546882        0.029678112690748139      0.00017773124549199694
6   8                     12     13.532865135044617        0.017007607323757699      0.00013916051857979506
6  10     13.830951894845301     15.489449585254237       0.0097957996415456786      0.00011416691953077348
6  12     15.708203932499369     17.455877467058457       0.0055937269428699221      9.9839722674578238e-05
6  14     17.615773105863909       19.4291602452547       0.0031338622608731923      9.5610570258273749e-05
6  16     19.544003745317532     21.407402400258938       0.0018857346514512062       9.269075238845393e-05
6  18     21.486832980505138     23.389345591902281       0.0011433521513737669      9.1098920292454548e-05
6  20     23.440306508910552      25.37412258400801      0.00072092241184482878      8.7160432077667806e-05
6  22     25.401754250991381     27.361116691375955      0.00041154356181949273      8.5565106650025737e-05
6  24     27.369316876852981     29.349877619675318      0.00018714784264323969      7.5016274935881409e-05
6  26     29.341664064126334     31.340069016847181      3.9648551716357762e-06      7.3880117457892917e-05
6  28     31.317821063276355     33.331434647665127     -0.00011767656876743785      7.9085178341128221e-05
6  30     33.297058540778352     35.323775921642323      -0.0001211228275141012      8.6430029181242489e-05
6  32     35.278820596099706     37.316936571123094     -0.00013944658965442302      8.8696244618838822e-05
6  34     37.262676501632072     39.310791962819209     -0.00015354310664173864      8.9997140876487409e-05
6  36     39.248287590894662     41.305241488640121     -9.6663195899541197e-05      8.3077450133078887e-05
6  38      41.23538406167134     43.300203049474305     -0.00011957609463607854      8.0012328319416961e-05
6  40     43.223748416156681     45.295608990458774     -0.00010554242278167104      8.0116569808543438e-05
6  42     45.213203435596427     47.291403061310803     -4.3251633356829131e-05      8.4696954320749097e-05
6  44     47.203603311174518     49.287538112571454      2.4690477220916019e-05      9.0448025807490285e-05
6  46     49.194827009486403     51.283974328136956      0.00010867103231530629      8.9543862594704019e-05
6  48     51.186773244895647     53.280677853982269      8.5658924031118276e-05      7.9778944945202998e-05
6  50     53.179356624028344     55.277619723271947     -8.3436281458389624e-06      7.0814797962800806e-05
6  52     55.172504656604801     57.274775005769243     -5.2410870267262118e-05      8.4162148851642517e-05
6  54     57.166155414412245     59.272122128807879     -1.7007147656363998e-05       9.105548095674378e-05
6  56     59.160255680657443     61.269642330791704      1.9664908289870986e-05      9.3965014387018824e-05
6  58     61.154759474226502       63.2673192180131      5.5737485249748978e-05       9.116063608172794e-05
6  60      63.14962686336267     65.265138402709255     -1.8141372384509623e-05      9.3169464150483553e-05
8   2     9.1231056256176615     9.7832925398917734        0.048670231905144808      0.00024354480314322136
8   4      10.47213595499958     11.637251644705637        0.028618695775956302      0.00018154746493578082
8   6                     12     13.532865135044617        0.016878905597386355      0.00013782642793620548
8   8      13.65685424949238     15.454813220625093       0.0098754270919074651      0.00011185227138634596
8  10     15.403124237432849     17.394368761340843       0.0057703080142347731      9.3502727870741558e-05
8  12     17.211102550927979     19.346236779451765       0.0033311064848470587      8.1717214070675754e-05
8  14     19.062257748298549      21.30703382565753       0.0018463798873453803        8.00352607816826e-05
8  16     20.944271909999159     23.274503289411278       0.0010423395769811657      8.2066459654117757e-05
8  18     22.848857801796104     25.247085302860572      0.00061024265947086029      8.3972313123003764e-05
8  20     24.770329614269009     27.223668547993679      0.00044851746489244952      8.6243852222646613e-05
8  22     26.704699910719626     29.203440587234276      0.00027003377596765974      7.8721870771409548e-05
8  24      28.64911064067352     31.185794122536379      0.00010099997242041967       7.296248508383181e-05
8  26     30.601470508735446     33.170266323536303      5.5563535764609797e-05      7.8252405724597523e-05
8  28     32.560219778561034     35.156498416301766     -2.3535625553747935e-05      8.2270536521318282e-05
8  30     34.524174696260026     37.144208079006482     -3.2176212872033665e-05        7.56965554955707e-05
8  32     36.492422502470646     39.133170159567094     -6.7028430732630792e-05      7.7415773292755272e-05
8  34     38.464249196572979     41.123202935310552     -0.00010890278815379971      7.6194364333622959e-05
8  36     40.439088914585774     43.114158145322016     -0.00011738183335246034      7.7033669650545389e-05
8  38     42.416487838947603     45.105913642236963     -0.00015360088907647866      7.5858210510917052e-05
8  40     44.396078054371138     47.098367895523097     -0.00012148454689611946      7.6085634588022905e-05
8  42     46.377558326431952     49.091435824827357     -2.4063618470989686e-05      7.8812236403378336e-05
8  44     48.360679774997898      51.08504560303578      2.1859460293142692e-06      8.7521698312404799e-05
8  46     50.345235059857501     53.079136175952854     -3.9819388469675813e-05      8.4444660163082166e-05
8  48     52.331050121192874      55.07365531818683       -2.86060006204141e-05      8.0081496324020844e-05
8  50      54.31797780234433     57.068558094869985      1.2365968407939176e-05      7.6174874026449299e-05
8  52     56.305892875931811     59.063805633811413     -3.9088215359649821e-05      7.7595466414646548e-05
8  54     58.294688127912366     61.059364137450324      1.5920118569649619e-05      8.4807794529509462e-05
8  56     60.284271247461902     63.055204081747739      8.5832471777300508e-05      8.9225438495736521e-05
8  58     62.274562336608895     65.051299562053003      7.9528434735296903e-05      8.4666922412237513e-05
8  60     64.265491900843116      67.04762775544755      4.9174922396561448e-05      8.7079884484543804e-05
10   2     11.099019513592784     11.774591973880774        0.026615895469045196      0.00020513353411203843
10   4     12.385164807134505     13.611834273996838        0.015892909338900366      0.00015608096716593627
10   6     13.830951894845301     15.489449585254238        0.009517544449363341      0.00011906453085984629
10   8     15.403124237432849     17.394368761340843       0.0056901741513002866      9.7311793553852218e-05
10  10     17.071067811865476     19.318516525781369       0.0034287155018624905      8.8448429278231903e-05
10  12     18.810249675906654     21.256671821060451       0.0019521895074283799      7.9293265152928518e-05
10  14     20.602325267042627     23.205325101356429       0.0010470593677688047      8.0582043626450104e-05
10  16     22.433981132056601     25.162037461442196      0.00057401368903122558      7.5302249558020684e-05
10  18     24.295630140987001     27.125064891395155      0.00033069831758420745       7.939395799858922e-05
10  20     26.180339887498949     29.093129111764092      0.00021099840786805948      7.8011008248005803e-05
10  22     28.083045973594572     31.065272856763272      0.00018762385255887082      7.8335260518463344e-05
10  24                     30     33.040765636052242      0.00010545462357443469      7.8636482717100555e-05
10  26     31.928388277184119     35.019040677435868      2.0677053325564442e-05      8.4395943059831081e-05
10  28     33.866068747318508     36.999651702675337      3.2768633717473688e-05      8.2434817759669161e-05
10  30     35.811388300841898     38.982242653170474      3.0129368303660121e-05       7.376167018504872e-05
10  32     37.763054614240211     40.966526072173131     -4.8157366206310047e-05      7.3154434018808385e-05
10  34     39.720045146669349     42.952267397349559     -3.8757799173530157e-05      7.8402138595954225e-05
10  36     41.681541692269406     44.939273366675565     -0.00017125363817486867      7.6521786206310444e-05
10  38     43.646882704388503     46.927383337196346     -0.00021520560230820144      7.5745652096035834e-05
10  40       45.6155281280883     48.916462699458869     -0.00016009229919919238       7.923904185754379e-05
10  42     47.587033144922898     50.906397821677864     -4.4705440514010258e-05      7.8474841300418024e-05
10  44     49.561028345356959     52.897092125468539      2.8985001888089458e-05      8.2518250062083343e-05
10  46     51.537204591879643     54.888463008920951      -3.901341758455158e-05      7.5948213291956063e-05
10  48     53.515301344262525     56.880439411392217     -6.3730381325329238e-05      7.3904404513952854e-05
10  50     55.495097567963924     58.872959869403871      -2.481362490356059e-05      8.0013564448500846e-05
10  52     57.476404589747453     60.865970952050176       5.734791156252977e-05      7.4244877800793522e-05
10  54     59.459060435491963     62.859425992345756      5.9156228082069149e-05      7.5787743314032556e-05
10  56     61.442925306655781     64.853284051299752      0.00016598910766853933      8.0152621803024869e-05
10  58     63.427877939124322      66.84750906645624      0.00015174278181912792      7.6767313263938206e-05
10  60     65.413812651491099     68.842069147733554      0.00013264042030305446      7.9562811195755298e-05
12   2     13.082762530298218     13.768413829546708        0.014704602977656698      0.00017648796305150743
12   4      14.32455532033676     15.592897061268189       0.0088104773560922726      0.00013489701529650645
12   6     15.708203932499369     17.455877467058457       0.0054233580907749324      0.00011077544945204483
12   8     17.211102550927979     19.346236779451765       0.0033510697301775481      8.9764553072725777e-05
12  10     18.810249675906654     21.256671821060447       0.0020798946217936011      8.3829778116865198e-05
12  12     20.485281374238568      23.18221983093764       0.0011766418815482374       8.147663116350421e-05
12  14     22.219544457292887     25.119405559677787      0.00060060262058660694      8.0814001864003773e-05
12  16                     24     27.065730270089233      0.00028254045638446919      7.5707528353563007e-05
12  18      25.81665382639197     29.019355169177651      0.00016446360754856143      7.5798531226991969e-05
12  20     27.661903789690601     30.978899170508473       6.418213821406895e-05      6.9999400118611344e-05
12  22     29.529964086141668     32.943306045358952      3.1336882462445233e-05      6.7441078125217525e-05
12  24     31.416407864998739     34.911754934116914     -4.4753677053600564e-06       7.258631149906508e-05
12  26     33.317821063276355     36.883598685072606     -3.3240016231690037e-05      7.5935088325255242e-05
12  28     35.231546211727817     38.858320490509399     -2.7394596794450439e-05      8.2202449325019273e-05
12  30      37.15549442140351     40.835502821990517     -7.8610626732153664e-05      7.4379879369632532e-05
12  32     39.088007490635064     42.814804800517877      -0.0001194050960144998      7.6585845208292352e-05
12  34     41.027756377319946     44.795945458133843     -0.00010100535173708417      7.7374172927024271e-05
12  36     42.973665961010276     46.778691183804561     -0.00014677200125151041      7.5402294308308336e-05
12  38     44.924858845171272     48.762846186942454     -0.00015203140891492821      7.3156743739430369e-05
12  40     46.880613017821105      50.74824516801602     -0.00016800101620547097      7.8951791948850882e-05
12  42     48.840329667841559     52.734747624452652     -9.1779522828118571e-05      8.5128719597006632e-05
12  44     50.803508501982762     54.722233382751909      -2.057529687588508e-05      8.1978652358885844e-05
12  46     52.769728648009426     56.710599060299309     -1.3268245454101286e-05      7.2319182911197727e-05
12  48     54.738633753705962     58.699755239350637     -3.0386419357814116e-05      7.9802447152244505e-05
12  50     56.709920264364882      60.68962419179514      0.00010727286550979072      8.5691985868602009e-05
12  52     58.683328128252668     62.680138033694362      0.00015242082641550879      7.8565404492564298e-05
12  54     60.658633371878665      64.67123721798302      0.00012503877155344982      7.8463479482165964e-05
12  56      62.63564212655271     66.662869295330253      0.00012129281223652067       8.012781738795543e-05
12  58     64.614185789921692     68.654987889212663      0.00012354617539977165      7.5671799691832937e-05
12  60     66.594117081556703     70.647551843284646      0.00014205369366271175      7.6111902646430139e-05
14   2     15.071067811865476     15.763801020436935       0.0083046662953978334      0.00016409549680395123
14   4     16.280109889280517     17.578249208150883       0.0050036673375943612      0.00012878708157571973
14   6     17.615773105863909       19.4291602452547       0.0031587022645209002      0.00010720287693624832
14   8     19.062257748298549      21.30703382565753       0.0020189684518594096      9.2036613096729172e-05
14  10     20.602325267042627     23.205325101356429       0.0012705291779471798      7.9560418801629881e-05
14  12     22.219544457292887     25.119405559677787      0.00077958224177611792      7.7442840012729698e-05
14  14     23.899494936611667     27.045923136093911      0.00041218037000448511      7.2338106971250513e-05
14  16      25.63014581273465     28.982397776847733      0.00014982038903048101      7.1750838007470812e-05
14  18     27.401754250991381     30.926959170072916      2.7998851463420141e-05      7.0314270229389773e-05
14  20     29.206555615733702     32.878172487522562      -5.493972839134962e-05        6.60538144323811e-05
14  22     31.038404810405297     34.834919961601955     -5.1563032910510831e-05      7.2321207450630717e-05
14  24     32.892443989449802     36.796318719990765       1.880493513852807e-05      7.4686020402949766e-05
14  26     34.764823060233397     38.761662683056713     -6.8277412867239932e-05      7.9066658609850432e-05
14  28     36.652475842498532     40.730380756469728     -0.00016623823823874059      8.0410239639231728e-05
14  30     38.552945357246848     42.702006266438211     -0.00011806521580944613      7.7146773705527539e-05
14  32     40.464249196572979     44.676154286049027     -3.1533237783519435e-05      7.3192870774016261e-05
14  34     42.384776310850235     46.652504588744058     -1.2914622772578435e-05       7.529231899603641e-05
14  36     44.313207915827967     48.630788673583261     -5.6795360286709681e-05      7.3964704644937436e-05
14  38     46.248456731316587     50.610779776907634     -1.2461883126965353e-05      7.4837125496791089e-05
14  40     48.189620100417088     52.592285101890859     -6.7763614182910512e-05      7.8097484665291754e-05
14  42     50.135943621178654     54.575139714438663     -0.00011260835172035025      8.5132299511030802e-05
14  44     52.086792761230392     56.559201704607084     -4.6940293195001848e-05      8.0123894632462165e-05
14  46     54.041630560342611     58.544348318811757     -1.7125483992289015e-05      7.4510827811371971e-05
14  48                     56     60.530472843736206      2.4366618562135703e-05      7.7371398917766741e-05
14  50     57.961509971494337     62.517482077401475      4.2683925565418529e-05      7.8453417381609271e-05
14  52      59.92582403567252     64.505294262642835      2.4679573854006725e-05      7.8277502008295959e-05
14  54     61.892651361962706     66.493837387550968      3.8903153842299072e-05      8.3688687961245022e-05
14  56     63.861739379323623     68.483047779242412      2.6009232693000832e-05      8.4286385526610648e-05
14  58     65.832867780352601     70.472868933696233      0.00014125513372302998      7.5184279578608125e-05
14  60     67.805843601498722     72.463250536791804      6.9086670359169415e-05      7.8156755005722711e-05
16   2     17.062257748298549     17.760225951327424       0.0047334243735919291      0.00015522716742658784
16   4     18.246211251235323     19.566585079783547       0.0029193713029069114      0.00012599560677313472
16   6     19.544003745317532     21.407402400258938       0.0019371774687805831      0.00010447346481323532
16   8     20.944271909999159     23.274503289411275       0.0012294925091638712      9.2699835997620903e-05
16  10     22.433981132056601     25.162037461442196      0.00075869309302954604      8.2962682769361661e-05
16  12                     24     27.065730270089233      0.00043450927707726231        7.71197990501447e-05
16  14      25.63014581273465     28.982397776847733      0.00025185104281147928      7.4100353204734827e-05
16  16     27.313708498984759     30.909626441250186      0.00016068846136476199      7.3940264132468935e-05
16  18     29.041594578792296     32.845557273090023     -1.5910244343292044e-05       6.344685764261318e-05
16  20     30.806248474865697     34.788737522681686     -6.6152989830700639e-05      6.8388724227493863e-05
16  22     32.601470508735446     36.738016879851372     -5.8332959931099741e-05       7.145957180027787e-05
16  24     34.422205101855958     38.692473558903529     -2.9626763855530495e-05      8.1383216813456352e-05
16  26     36.264337522473745     40.651360812999272     -0.00010843943773613031      7.2639349733633147e-05
16  28     38.124515496597098     42.614067651315061      -0.0002028103907475303      7.5260076666203965e-05
16  30                     40     44.580089587539646     -0.00012179420698327037      7.7539734931444428e-05
16  32     41.888543819998318     46.549006578822556      -5.512098779329978e-05      7.5188068191987172e-05
16  34     43.788294228055932     48.520466190232227      6.7163143436883838e-05      7.8624721264912025e-05
16  36     45.697715603592208     50.494170605721145       4.870722430472908e-05      7.4298825530680652e-05
16  38       47.6155281280883     52.469866504517412      2.7632466487720365e-05      7.4709077162033198e-05
16  40     49.540659228538019     54.447337095987358     -3.1451933147949835e-05      8.5405732193619848e-05
16  42     51.472205054244228     56.426395797412802     -0.00014624150488879887       8.024128119937606e-05
16  44     53.409399821439251     58.406881174468552     -2.6594790197900359e-05      7.2756055356646898e-05
16  46     55.351591323771842     60.388652861035851     -1.0815604629322921e-05      6.9710412775637003e-05
16  48      57.29822128134704     62.371588245072758     -5.6182459724018611e-05      7.4634014310409564e-05
16  50     59.248809496813379     64.355579758519013       4.044325798251883e-05       7.507671855707556e-05
16  52     61.202941017470891     66.340532647072607      3.9630562960470448e-05      7.1732030127276742e-05
16  54     63.160255680657443     68.326363123903434     -1.4787392693578143e-05      7.9669615636665398e-05
16  56     65.120439557122069     70.312996832603531      2.3503448387219991e-05      8.0900433829804073e-05
16  58     67.083217912982647     72.300367560780202      7.2236831916054509e-05      7.1953645678264348e-05
16  60     69.048349392520052     74.288416158012964        1.85937836181902e-05      7.9377834704555958e-05
18   2     19.055385138137417     19.757374042935957       0.0027539158878432369      0.00015358504856664113
18   4     20.219544457292887     21.557079072661004       0.0017063791151117017      0.00011649980056547015
18   6     21.486832980505138     23.389345591902281       0.0011025976566864759      9.8479535580808507e-05
18   8     22.848857801796104     25.247085302860572      0.00067432388266156439      8.9713774762274802e-05
18  10     24.295630140987001     27.125064891395155      0.00037499492427003054      8.2662976030288765e-05
18  12      25.81665382639197     29.019355169177651      0.00020269478238845259      7.9747707467245398e-05
18  14     27.401754250991381     30.926959170072912      0.00014479359363937918      7.3564953727827293e-05
18  16     29.041594578792296     32.845557273090023      -1.672585941103486e-05      7.4326160236697967e-05
18  18     30.727922061357855     34.773329746406461      -1.145718332271983e-05      7.4054644581644184e-05
18  20      32.45362404707371     36.708831236158908     -6.9666401853198985e-05      7.8971416417658805e-05
18  22     34.212670403551897     38.650900633714542     -2.0301616398520294e-05       7.317930765556129e-05
18  24                     36      40.59859540513385      1.5442908924898046e-06      7.3711877436353568e-05
18  26     37.811388300841898      42.55114308619963     -0.00013856443297989617      7.3098288407018249e-05
18  28     39.643316977093235     44.507904994671613     -0.00016848390860484152        7.61234432067733e-05
18  30     41.492855684535897     46.468348755762712     -0.00015758573784523163      7.2820465087263715e-05
18  32     43.357559750685823     48.432027266672137      8.5281676019292939e-06      7.6933422943442466e-05
18  34      45.23538406167134      50.39856242227701      6.0697259080893442e-05      7.8087959659181114e-05
18  36     47.124611797498105     52.367632401175371     -1.1253581570829193e-05      7.2770184367259831e-05
18  38     49.023796041628643     54.338961642426625     -8.5443576255989635e-07      7.3201849746721534e-05
18  40     50.931712199461309      56.31231287604507     -2.1945098605801493e-05      7.9294284402469121e-05
18  42     52.847319317591726     58.287480735764099      -8.575179607141159e-05      7.1815924645952391e-05
18  44     54.769728648009426      60.26428660155657       4.114758507608955e-05      7.3029787439475436e-05
18  46     56.698178070456933     62.242574405844032      1.0798058441830655e-05       7.682455489265916e-05
18  48     58.632011235952589     64.222207200776822     -7.8807736889202922e-07      8.1224866563281859e-05
18  50     60.570660511172846     66.203064330980851     -1.9960606505410187e-05      8.0079697383201022e-05
18  52     62.513632984395208     68.185039091317293     -1.3954956392128481e-05      8.0658732690406989e-05
18  54     64.460498941515411     70.168036775706852      6.2919982619562186e-05      7.8771728646356124e-05
18  56     66.410882339705481     72.151973043219186      0.00011143600057099355      8.2441696116060634e-05
18  58     68.364452901377945      74.13677254306333      0.00013715863809368969      7.7890072354952529e-05
18  60     70.320919526731643     76.122367752024033      4.8936190719490948e-05      7.9770094007352823e-05
20   2      21.04987562112089     21.755046134236419       0.0016556949099635475      0.00014895137602002271
20   4     22.198039027185569     23.549183947761549      0.00095010696721092001      0.00011551095267168737
20   6     23.440306508910552     25.374122584008013      0.00059751548009492114      9.5127659875326797e-05
20   8     24.770329614269009     27.223668547993675      0.00038436095430900138      8.4805963269754203e-05
20  10     26.180339887498949     29.093129111764096      0.00019975587271019374      8.2412771728108212e-05
20  12     27.661903789690601     30.978899170508477      6.4217520081081024e-05      8.6492046573471992e-05
20  14     29.206555615733702     32.878172487522562      0.00010284123598215974      7.7115676083419049e-05
20  16     30.806248474865697     34.788737522681686      2.6795078103049703e-05      7.6752891723099047e-05
20  18      32.45362404707371     36.708831236158908     -1.8107650630972406e-07      7.6891932096052421e-05
20  20     34.142135623730951     38.637033051562739     -3.6094808184531353e-05      7.3216155035530636e-05
20  22     35.866068747318508     40.572186967555808     -1.6160092324600226e-05       7.088302821091084e-05
20  24     37.620499351813308     42.513343642120901      2.0990582309630081e-05      6.8044654210432302e-05
20  26      39.40121946685673     44.459716822487934     -0.00010014647276160927      7.3529105858110492e-05
20  28     41.204650534085253     46.410650202712858     -0.00012422846128532809       7.570095021168841e-05
20  30     43.027756377319946     48.365591948629415           -5.8734688721e-05      7.1613166321625126e-05
20  32     44.867962264113203     50.324074922884392     -4.0159217390867494e-05      8.1753269832727385e-05
20  34     46.723082923316021     52.285701192073887      4.6826988686668853e-05       8.369046546173363e-05
20  36     48.591260281974002      54.25012978279031     -1.2642038919372189e-05      7.9343307279991778e-05
20  38     50.470910553583892     56.217066925910913     -2.4448630360885774e-05      7.5157598990160165e-05
20  40     52.360679774997898     58.186258223528185      -3.392298948660217e-05      7.7589365985139986e-05
20  42      54.25940669922602     60.157482313988652     -0.00011089778509628921      7.6305333984246355e-05
20  44     56.166091947189145     62.130545713526544     -1.7752281597292885e-06      7.1922910079527804e-05
20  46     58.079872407968907     64.105278588922516      5.3111647833814961e-05       7.729893231582524e-05
20  48                     60     66.081531272104485     -3.5216168571341459e-05       7.967940461871075e-05
20  50      61.92582403567252     68.059171369984199     -5.4196715592979669e-05       8.072730248094497e-05
20  52     63.856776554368238     70.038081354871736     -5.2433698844445445e-05      7.6409910182048999e-05
20  54     65.792360097775941     72.018156545237872      9.6977572440301354e-05      8.0648474067800848e-05
20  56     67.732137494637016     73.999303405350673      0.00012148299629924666       8.138373753017005e-05
20  58     69.675723300355941     75.981438106815915      0.00011930682713187925      7.4646319941971872e-05
20  60     71.622776601683796     77.964485306340947      6.3058431051679612e-05      8.0773364513145641e-05
22   2     23.045361017187261     23.753110018122488       0.0010547965531815999      0.00013801498258305558
22   4     24.180339887498949     25.542522801517887       0.0006149336938742891      0.00011187764399696749
22   6     25.401754250991381     27.361116691375951       0.0003516006581032327      9.0201467588099044e-05
22   8     26.704699910719626     29.203440587234276      0.00022862020169494286      8.6318653371206608e-05
22  10     28.083045973594572     31.065272856763276      0.00017163917532959927      7.6046669855941301e-05
22  12     29.529964086141668     32.943306045358952      6.7981688808419236e-05        8.01643594930034e-05
22  14     31.038404810405297     34.834919961601955      0.00012011236453031886      7.8245245314783942e-05
22  16     32.601470508735446     36.738016879851379      0.00020797940688019973      7.4360086320943435e-05
22  18     34.212670403551897     38.650900633714542      6.6119168854700115e-05      7.8292833918980096e-05
22  20     35.866068747318508     40.572186967555808      3.1619872299564188e-05      8.2075579191382534e-05
22  22     37.556349186104043     42.500736356719003     -5.4610725385510177e-05      7.3526322489348323e-05
22  24     39.278820596099706     44.435603139783836      -7.695401465805062e-05      7.1902788825103114e-05
22  26     41.029386365926399     46.375996613866938      -7.231946502885361e-05      6.9266744925837673e-05
22  28     42.804493814764854     48.321250992316294     -0.00015905697078814004      7.6395473809909252e-05
22  30     44.601075237738272     50.270801992761754     -9.5636509341220178e-05      7.7177601043366915e-05
22  32     46.416487838947603     52.224168433097041      0.00011399498060430615      7.6444862848550532e-05
22  34     48.248456731316587     54.180937644724459      0.00010867113596787273      7.8984146662960884e-05
22  36     50.095023109728984     56.140753821039411      3.4950237074560235e-05       7.751605466445243e-05
22  38      51.95449840010015     58.103308641828491     -2.9480053947489721e-05      7.5995915601078604e-05
22  40     53.825424421026653     60.068333676410667     -1.4994478434595758e-05      7.9169988554532165e-05
22  42     55.706539182259391     62.035594187479518     -4.7487247791787138e-05      7.8898615143060028e-05
22  44     57.596747752497691     64.004884045880999     -5.7087426601921151e-05      7.3734583384845446e-05
22  46     59.495097567963924      65.97602153252123     -3.3863346987030516e-05      7.9336203261158421e-05
22  48     61.400757564888167     67.948845853279465     -3.2602382642811924e-05      8.4323180489274567e-05
22  50     63.313000567495322     69.923214230509771     -3.7471267647977628e-05       8.190725587186585e-05
22  52     65.231188426986208     71.898999463544669     -1.3242040565039993e-05      7.7909242587597446e-05
22  54     67.154759474226495     73.876087872814622      8.4914316418113438e-05      7.5085003053219736e-05
22  56     69.083217912982647     75.854377559405606      0.00015258109253284081      8.2772416161962448e-05
22  58     71.016124838541643     77.833776925303368      0.00013812158930733199      8.1591998220060266e-05
22  60     72.953090617340919     79.814203410113151       0.0001355548281966473       8.020494629486081e-05
24   2     25.041594578792296     25.751474496876991       0.0007125393812159646      0.00012867319506668686
24   4     26.165525060596437     27.536827659093415      0.00041274721872232214      0.00010698073184003308
24   6     27.369316876852981     29.349877619675322       0.0002107992349173389      8.8198514867588259e-05
24   8      28.64911064067352     31.185794122536379      7.0112755433123631e-05      8.4589989682667537e-05
24  10                     30     33.040765636052242      0.00015883280366198256      8.1122931530567717e-05
24  12     31.416407864998739     34.911754934116914      0.00017977742580327084      7.8165686768459167e-05
24  14     32.892443989449802     36.796318719990765      0.00024443078028131321      7.7553570728252846e-05
24  16     34.422205101855958     38.692473558903529      0.00020352670202590279      7.0964109591971803e-05
24  18                     36     40.598595405133842       8.287463798630084e-05      7.1636936343915045e-05
24  20     37.620499351813308     42.513343642120894     -3.2019963396768766e-05      7.5098669891060868e-05
24  22     39.278820596099706     44.435603139783836     -2.3802875763809704e-05      8.1616786855562639e-05
24  24     40.970562748477136     46.364439661875281     -3.7213755020710548e-05      7.8841262553503379e-05
24  26     42.691806012954132     48.299065248956722     -1.2751344190219664e-05       7.416557379715613e-05
24  28     44.439088914585774     50.238811119355574     -0.00012147067312141927      7.1194625780689877e-05
24  30     46.209372712298546     52.183106284022529      -3.764826273580014e-05      7.4998758887510601e-05
24  32                     48     54.131460540178466      7.2769964166108424e-05      7.6151324701563742e-05
24  34     49.808652046684813     56.083450847609264      5.2983720907532377e-05      8.0757388561095679e-05
24  36     51.633307652783941     58.038710338355301      3.7641413206099986e-05      7.8359637032903763e-05
24  38     53.472205054244228     59.996919391772245     -3.1271505421672307e-05       7.973935701109521e-05
24  40     55.323807579381203     61.957798341016947     -9.9377386026039768e-05      7.6612574249350279e-05
24  42     57.186773244895647     63.921101476972595     -0.00012350193947414356      7.0263046626907035e-05
24  44     59.059928172283335     65.886612090717904      -2.053112579853142e-05      7.2976710734847143e-05
24  46      60.94224354214569     67.854138352469263      9.7601408894803087e-06       7.832569323884642e-05
24  48     62.832815729997478     69.823509868233828      -4.003965623901254e-05      9.0094036200212934e-05
24  50     64.730849247724095     71.794574788647168     -0.00011700117790295949       8.306681574050163e-05
24  52      66.63564212655271     73.767197370145212     -2.9738300882759245e-05      7.9464251737224325e-05
24  54     68.546573405388315     75.741255908581721      4.5781546634206298e-05      7.9248918860425218e-05
24  56     70.463092423455635     77.716640981018799      6.7745025801739918e-05      7.3884690013262171e-05
24  58     72.384709652950434     79.693253943705145      6.9566675744745686e-05      7.0618578797693998e-05
24  60     74.310988842807021     81.671005643981033       5.431408383196998e-05      8.1997916483062422e-05
26   2     27.038404810405297     27.750074630414634      0.00047561268276323461      0.00012933494789920617
26   4     28.152946437965905      29.53190281690571      0.00034855858720055208      0.00010355467682957179
26   6     29.341664064126334     31.340069016847185      0.00023833527880228695      8.7419110140110287e-05
26   8     30.601470508735446     33.170266323536303      9.7666188544253408e-05      8.4742627360926537e-05
26  10     31.928388277184119     35.019040677435868      0.00012313998595053034        8.47702005738241e-05
26  12     33.317821063276355     36.883598685072606      0.00018025731733334191      8.1882230918869028e-05
26  14     34.764823060233397     38.761662683056713      0.00017791249082973985      7.5883586296040883e-05
26  16     36.264337522473745     40.651360812999272      0.00019024643494231858      6.6154600899679438e-05
26  18     37.811388300841898      42.55114308619963       6.737387801280197e-05      7.3085792598828972e-05
26  20      39.40121946685673     44.459716822487934      1.8208187518360966e-05      7.2181393125396798e-05
26  22     41.029386365926399     46.375996613866938       -4.25027328176005e-05      7.6150004828977964e-05
26  24     42.691806012954132     48.299065248956722      2.7165652699514237e-05      7.7914596732704279e-05
26  26     44.384776310850235     50.228142967031559      7.2840835801249608e-05       6.588088752546611e-05
26  28     46.104973174542799     52.162563088005385     -6.8931023107211126e-05      6.8477765685919442e-05
26  30     47.849433241279208     54.101752558523685     -3.9621948781279066e-05      7.1603605725373273e-05
26  32       49.6155281280883     56.045216315911439      4.5848592309251226e-05      7.6146041254942454e-05
26  34     51.400934559032692     57.992524638015951       4.749571821767984e-05      8.3273933473454689e-05
26  36     53.203603311174518     59.943302844308377      2.9254137043429557e-05      8.4129121408962602e-05
26  38     55.021728866442672     61.897222860787956      1.5388919725401323e-06       7.880593277305201e-05
26  40     56.853720883753127     63.853996271741927     -6.9543576485020319e-05       8.166223054405339e-05
26  42     58.698178070456933     65.813368564944426     -5.2398903599631585e-06      7.5604732558590235e-05
26  44     60.553864678361279      67.77511434043322      6.4512161926290256e-05      7.7591763017603049e-05
26  46     62.419689627245816     69.739033301676741      6.4397882615890707e-05      8.3099138153413323e-05
26  48     64.294688127912366     71.704946885455243     -7.0743737388990319e-05      8.4616332195469582e-05
26  50     66.178005607210736     73.672695415869924     -0.00017483346464066248      8.3508544602877566e-05
26  52     68.068883707497264     75.642135690586642     -0.00012346060332799752      7.9670144752076442e-05
26  54     69.966648127543394     77.613138925227759     -4.0025413952518331e-05      7.6662745893129995e-05
26  56     71.870698080866262     79.585588995874659     -4.4738419681329651e-05      7.6650598097319304e-05
26  58     73.780497164141408     81.559380930790951     -1.9161032515128605e-05      7.4141108843474849e-05
26  60     75.695565448543633     83.534419611364086      2.1826249346169659e-05      8.0552195179536579e-05
28   2     29.035668847618197     29.748862923208627      0.00023114872078970822      0.00012543547978209233
28   4     30.142135623730951      31.52760204087387      0.00017649191476751876      9.9663015980966466e-05
28   6     31.317821063276355     33.331434647665127      9.4571999790740512e-05      9.2155205157522021e-05
28   8     32.560219778561034     35.156498416301766      3.1818130295539236e-05      8.5052887927961665e-05
28  10     33.866068747318508      36.99965170267533     -1.6233159572270442e-05      7.9701237181753785e-05
28  12     35.231546211727817     38.858320490509399      2.2909005946715763e-05      7.5672661960781047e-05
28  14     36.652475842498532     40.730380756469728     -4.3165365243380975e-06      7.2251511463017755e-05
28  16     38.124515496597098     42.614067651315061        0.000111636744182919      6.7993865106211329e-05
28  18     39.643316977093235     44.507904994671613      1.8504089193429407e-05      7.1636028994989599e-05
28  20     41.204650534085253     46.410650202712858     -5.6380768954567947e-05      7.6173329780625433e-05
28  22     42.804493814764854     48.321250992316294     -1.5991993859980022e-05      7.8883393679606177e-05
28  24     44.439088914585774     50.238811119355574       5.010781170566397e-06      7.2480143941066542e-05
28  26     46.104973174542799     52.162563088005392      3.3235146320590263e-05      6.5212535447434599e-05
28  28     47.798989873223334     54.091846272187823     -5.6226661622255626e-05      6.7627078104190441e-05
28  30     49.518284528683196      56.02608926525086     -3.2974364416573828e-05      7.0827155873123265e-05
28  32       51.2602916254693     57.964795553695467     -2.7328759123404132e-06      7.8861937245580912e-05
28  34     53.022715545545239     59.907531820344353      7.2214196305699638e-05       7.776048612607726e-05
28  36     54.803508501982762     61.853918340145832      0.00010272387134768323      8.1518605052117947e-05
28  38      56.60084744241189     63.803621051263896      4.4205030198059901e-05       7.541545267655856e-05
28  40     58.413111231467404     65.756344975045124      -3.710622355811067e-05      7.8471753581164973e-05
28  42     60.238858928247922     67.711828728081173      1.6499659986830174e-05      7.6797259536681239e-05
28  44     62.076809620810593     69.669839923203909      5.2946569477079552e-05      7.7599350948726745e-05
28  46      63.92582403567252     71.630171297775874      9.2019066564360104e-05      7.6281075997595312e-05
28  48     65.784887978899604      73.59263743998153     -4.3341365516729579e-05      7.3751242545774364e-05
28  50     67.653097563788805     75.557072009153643     -0.00010960383094057054      8.2380613675683844e-05
28  52     69.529646120466793     77.523325366113426     -8.3701548540383056e-05      8.3342859421476031e-05
28  54     71.413812651491099     79.491262545289487     -2.0086994613129708e-05      7.5201666323483098e-05
28  56     73.304951684997064     81.460761512939456     -3.8357019733959122e-05      7.9406159358550327e-05
28  58     75.202484376209242      83.43171166583997     -7.2271860200986558e-05      8.1323256071932546e-05
28  60     77.105890714493697     85.404012532876422      2.9804467440250764e-05      7.6596052785546736e-05
30   2      31.03329637837291     31.747803836708655       4.481692078623985e-05      0.00012047690883834199
30   4     32.132745950421558     33.523813877723775      4.2422129402400438e-06      9.7690842363332484e-05
30   6     33.297058540778352     35.323775921642323     -4.2959709486043496e-05       9.460894991576245e-05
30   8     34.524174696260026     37.144208079006482     -1.1585170296096764e-05      8.6267760267357376e-05
30  10     35.811388300841898     38.982242653170474     -5.3174540866790255e-05       8.429567430932358e-05
30  12      37.15549442140351     40.835502821990517     -1.2611784274460152e-05      7.2616193843958555e-05
30  14     38.552945357246848     42.702006266438211     -4.6809399279390026e-05      7.0857225082882009e-05
30  16                     40     44.580089587539646      5.3467554891240583e-05      7.2263456985362579e-05
30  18     41.492855684535897     46.468348755762712      1.3642466139689401e-05      7.4893880234753579e-05
30  20     43.027756377319946     48.365591948629415      1.0701409314079558e-05      7.7564269936035416e-05
30  22     44.601075237738272     50.270801992761754     -9.2935554099287913e-07      7.7744595515139134e-05
30  24     46.209372712298546     52.183106284022529      5.2033486379964666e-05      7.4433257354860035e-05
30  26     47.849433241279208     54.101752558523685      5.9141967242070111e-05      6.9796975687480049e-05
30  28     49.518284528683196      56.02608926525086      2.7920837016589781e-05      7.4464767478555559e-05
30  30     51.213203435596427     57.955549577344094     -4.8172788842869599e-05      7.3005317629883695e-05
30  32     52.931712199461309     59.889638296337395       5.871851607250945e-05       7.785048063798767e-05
30  34     54.671568097509265     61.827921069046582      4.1372697856200178e-05      8.8116473414770081e-05
30  36     56.430749027719962     63.770015463181338      9.9763820092449665e-05      8.2926351376878777e-05
30  38     58.207436873820413     65.715583544761444      2.3195763328849464e-05      8.1693771854566541e-05
30  40                     60     67.664325675223068      4.5500908686015981e-05      8.0102057433168491e-05
30  42     61.806975801127876     69.615975304069295       7.764303697109146e-05      7.9867780595515363e-05
30  44       63.6270539113887      71.57029457806442      7.7613687346440524e-05      8.3492364380836735e-05
30  46     65.459060435491963     73.527070623308873      8.2042957608369931e-05      8.0100406501710652e-05
30  48     67.301943396169804     75.486112384326589     -3.8721476311469376e-05      7.6583398724789902e-05
30  50     69.154759474226495     77.447247926271174     -3.7695896326035994e-05      7.6307526936856114e-05
30  52     71.016662039607269     79.410322123811142     -1.4202026539630157e-05      8.2804080702341432e-05
30  54     72.886890422961002     81.375194674185451     -1.1069594822518894e-05      7.7822010919779513e-05
30  56      74.76476034853718      83.34173838309178     -6.1139587800300945e-05      7.3827482720469347e-05
30  58     76.649655434629011     85.309837681066114     -9.7998917394341665e-05      7.7929188010046393e-05
30  60     78.541019662496836     87.279387335292284     -4.0638113337479653e-05      7.2438179402828056e-05
32   2     33.031219541881399     33.746870250208509      -1.835358985928992e-05       0.0001237848030010335
32   4     34.124515496597098     35.520451902654848     -9.5575498837579946e-05      0.00010042963586182683
32   6     35.278820596099706     37.316936571123101     -7.3358923155321187e-05      9.1608726298759478e-05
32   8     36.492422502470646     39.133170159567094     -4.3475258595229763e-05      8.8619589604877887e-05
32  10     37.763054614240211     40.966526072173131     -0.00011103014159584102       8.223251877210597e-05
32  12     39.088007490635064     42.814804800517877     -2.6026348933900892e-05      7.4506800247106788e-05
32  14     40.464249196572979     44.676154286049027     -2.4631257286780072e-05      7.3157452250742827e-05
32  16     41.888543819998318     46.549006578822549      7.5309147958388956e-05      7.5314480877399835e-05
32  18     43.357559750685823     48.432027266672137      6.5590392298252098e-05      7.6820287060973733e-05
32  20     44.867962264113203     50.324074922884392     -2.4281442987240735e-05      8.3701761702052917e-05
32  22     46.416487838947603     52.224168433097041      1.6964084262424646e-05      8.3933672667310143e-05
32  24                     48     54.131460540178466     -1.0344908318698566e-06      7.1101453810191637e-05
32  26       49.6155281280883     56.045216315911439     -3.1446447743987391e-05      7.3934196339600245e-05
32  28       51.2602916254693     57.964795553695467       3.110531399651984e-05      7.7913076214354934e-05
32  30     52.931712199461309     59.889638296337395      7.2204702454771192e-05       7.914124950987208e-05
32  32     54.627416997969519     61.819252882500372      5.9276340818742321e-05      8.3702910087495592e-05
32  34     56.345235059857501     63.753206026324186      8.2984536005236646e-05      8.4387201267516993e-05
32  36     58.083189157584592     65.691114546180046      0.00014558272295777966      7.8263784842668766e-05
32  38     59.839484696748443     67.632638437397631      0.00016846677703695703      7.5027679612534135e-05
32  40     61.612496949731394     69.577475045363371      0.00011294979050629968      7.6994073979484744e-05
32  42     63.400757564888167     71.525354143636164      3.0999854523129285e-05      7.5237907606315216e-05
32  44     65.202941017470891     73.476033759702744     -4.1698134653797481e-06      7.7370378658269683e-05
32  46     67.017851452243804      75.42929662101713     -3.2899307767170061e-06      8.1065474764954791e-05
32  48     68.844410203711917     77.384947117807059     -5.9917659032299589e-06      8.0625483024026262e-05
32  50     70.681644159311659     79.342808698143557      2.1985717946435433e-05       7.744307825283776e-05
32  52     72.528675044947491     81.302721625998544     -6.3246368641248709e-05      8.1653600642731515e-05
32  54     74.384709652950434     83.264541045267407     -1.2073556410580448e-05       7.247918146967343e-05
32  56     76.249030993194197     85.228135302630122      1.3555758185380049e-05      7.2720953162870079e-05
32  58     78.120990323358399     87.193384490154045     -4.4442134965699613e-05      7.0342781392308346e-05
32  60                     80     89.160179175079293      2.9953619074309678e-05      7.2398902098880141e-05
34   2     35.029386365926399     35.746041108277765     -3.1253965886496553e-06      0.00013030218319089816
34   4      36.11724276862369     37.517448071922047     -6.5500093501784726e-06      0.00010216726124389524
34   6     37.262676501632072     39.310791962819209      -1.206144122853009e-05      9.1136306302138482e-05
34   8     38.464249196572979     41.123202935310552      2.6783484492590919e-06      8.1642656890854661e-05
34  10     39.720045146669349     42.952267397349559     -3.1238113214910918e-05      7.9326298990073984e-05
34  12     41.027756377319946     44.795945458133843      5.2935410683598803e-06      7.9954671272253156e-05
34  14     42.384776310850235     46.652504588744065      2.3927484719082539e-05      7.8567453926839918e-05
34  16     43.788294228055932     48.520466190232227      7.8323911898180111e-05      7.6605580964467292e-05
34  18      45.23538406167134     50.398562422277017     -2.1091200919769976e-05      8.2972947673895959e-05
34  20     46.723082923316021     52.285701192073887     -6.9522098477156893e-05      8.8833517483103523e-05
34  22     48.248456731316587     54.180937644724459      3.8129490073420749e-05      8.3483408793169292e-05
34  24     49.808652046684813     56.083450847609264      3.9136181380689852e-05      7.6584226876928835e-05
34  26     51.400934559032692     57.992524638015951     -4.0537114020659988e-05      7.6799836713896716e-05
34  28     53.022715545545239     59.907531820344353      5.1065634598036599e-08      7.8581158048158205e-05
34  30     54.671568097509265     61.827921069046596      0.00010186601223729759      8.0367633032076992e-05
34  32     56.345235059857501     63.753206026324186      8.8953609618006141e-05      7.9592043816344114e-05
34  34     58.041630560342611     65.682956187656643      9.9138433591740893e-05       7.692565448202035e-05
34  36     59.758836806279895     67.616789249891966       0.0001357849473050679      7.6067514982859364e-05
34  38     61.495097567963924     69.554364660882271      0.00016656064352149011      7.5981361916949077e-05
34  40     63.248809496813379     71.495378160365533      6.9274655768131015e-05      7.4410975410901911e-05
34  42     65.018512172212596     73.439557141967811       2.943434522103976e-05      7.0246909814946422e-05
34  44     66.802877548915689     75.386656698138836      4.2764228030516228e-05      7.6250118290538209e-05
34  46     68.600699292150182     77.336456235321023      6.4885187749089522e-05      7.8528972367149938e-05
34  48     70.410882339705481     79.288756567072028      4.0805482825330477e-05      7.6658819585894103e-05
34  50     72.232432915661946      81.24337740928236      2.9110713020602739e-05      7.9315196550538617e-05
34  52     74.064449134018133     83.200155214889918      6.2521200739771993e-05       7.084213411554248e-05
34  54     75.906112267087636     85.158941296240044      3.6322810557404206e-06      6.5994993439089054e-05
34  56      77.75667870831839      87.11960019198402      0.00013358825825440917      7.0673736063996354e-05
34  58      79.61547262794322     89.082008242550444      6.3203349034599615e-05      6.9740582775487732e-05
34  60      81.48187929913334     91.046052344077552      0.00013004023434918876      7.4272840946192249e-05
36   2     37.027756377319946     37.745299815274471     -4.4465726490744187e-06       0.0001287222156311145
36   4     38.110770276274835     39.514748085871915      4.8447831280851438e-05      9.5237029851751303e-05
36   6     39.248287590894662     41.305241488640128      3.5029003917950247e-05      8.6543769398934471e-05
36   8     40.439088914585774     43.114158145322008      0.00010444997298192989      8.6259315494142884e-05
36  10     41.681541692269406     44.939273366675572      6.6906008904965916e-05      7.9315588684210247e-05
36  12     42.973665961010276     46.778691183804561      2.6918979842753144e-06      8.4236604306382385e-05
36  14     44.313207915827967     48.630788673583268      2.1500229720558969e-05      8.5840193159572353e-05
36  16     45.697715603592208     50.494170605721145     -1.5682581731250339e-05      8.2611877170095266e-05
36  18     47.124611797498105     52.367632401175371     -2.0543652862180007e-05      7.8806132195096264e-05
36  20     48.591260281974002      54.25012978279031     -5.1821487308610081e-05      8.0014116002672173e-05
36  22     50.095023109728984     56.140753821039411     -5.0904613091197374e-06       7.649334722345294e-05
36  24     51.633307652783941     58.038710338355301     -4.2843716722901483e-06      7.1348653043015953e-05
36  26     53.203603311174518     59.943302844308377     -0.00013865309192789715      8.0046588395160176e-05
36  28     54.803508501982762     61.853918340145825     -1.7594997096580596e-05      8.2663198105745083e-05
36  30     56.430749027719962     63.770015463181345      7.8085472902204269e-06      8.2250042918105112e-05
36  32     58.083189157584592     65.691114546180046      5.0064278889077292e-05      7.8860235653414223e-05
36  34     59.758836806279895     67.616789249891966      0.00011402890101061424      7.8321409926374486e-05
36  36      61.45584412271571     69.546659492812921      7.7805517684460747e-05      8.0389520999830618e-05
36  38     63.172504656604801     71.480385454712149      9.4769228022815121e-05      7.5876658491437013e-05
36  40      64.90724809414742     73.417662472317815     -2.8801122571665346e-05      7.2747668103251948e-05
36  42     66.658633371878665     75.358216679033376     -3.5672896350760597e-05      6.8257525246780024e-05
36  44     68.425340807103794     77.301801267429084     -4.2225997085740338e-05       7.060778712281934e-05
36  46     70.206163733020475     79.248193274888365     -2.1812792711540094e-05      8.0365618131846402e-05
36  48                     72     81.197190810267699      2.4234627628477715e-05      7.7255454298576397e-05
36  50     73.805843601498722     83.148610653600088     -6.5242441543041585e-06      8.0753330203365862e-05
36  52     75.622776601683796     85.102286172399261     -4.1593815779373397e-07      7.5922512831967575e-05
36  54     77.449961479175897     87.058065507532945      3.1243148446580846e-05      7.5007704515999964e-05
36  56      79.28663395418647     89.015809989343225      6.7300355614033049e-05      7.7066837686557866e-05
36  58     81.132096331752024     90.975392751028096      4.4936935823479416e-05      7.4162599698047717e-05
36  60     82.985711369071794     92.936697511525423      0.00020172633640636574      7.8276654797798063e-05
38   2      39.02629759044045     39.744633114110314      0.00016765125836154906      0.00013591180510006044
38   4     40.104973174542799     41.512308087487369      6.1744991571299255e-05      9.7664760685457338e-05
38   6      41.23538406167134     43.300203049474305      3.0167070799699661e-05      8.8088876118122984e-05
38   8     42.416487838947603     45.105913642236956     -3.9327283406728672e-05      8.7608282048319411e-05
38  10     43.646882704388503     46.927383337196346     -4.3883578831969795e-05      7.7679513166479687e-05
38  12     44.924858845171272     48.762846186942447     -0.00010668468766978349      8.1362335074020923e-05
38  14     46.248456731316587     50.610779776907634      -0.0001440181320408007      8.1234090137237032e-05
38  16       47.6155281280883     52.469866504517412     -0.00010726037479163009      7.6992153306183379e-05
38  18     49.023796041628643     54.338961642426632     -8.3965975735339029e-05      7.7494941841602552e-05
38  20     50.470910553583892     56.217066925910913     -8.3208042806742899e-05      7.9517902666061639e-05
38  22      51.95449840010015     58.103308641828491     -3.1807883514480241e-05      7.9423085639015277e-05
38  24     53.472205054244228     59.996919391772245     -6.4919990301550717e-05      7.8280267704773228e-05
38  26     55.021728866442672     61.897222860787956     -4.0726579569290281e-05      7.7556452954355583e-05
38  28      56.60084744241189     63.803621051263896      6.0778855422500748e-06      7.2176834321690994e-05
38  30     58.207436873820413     65.715583544761429      1.7310757950770193e-05      8.3521454359692626e-05
38  32     59.839484696748443     67.632638437397631      6.8376702570488709e-05      8.5053435294799663e-05
38  34     61.495097567963924     69.554364660882271      7.5722750581641278e-05      8.0113713954710615e-05
38  36     63.172504656604801     71.480385454712149      9.3252618357958676e-05      7.2403911413786243e-05
38  38      64.87005768508881     73.410362797969185      9.1820632639920958e-05      7.1816598949574906e-05
38  40     66.586228448267448       75.3439926437715      -5.115521232187065e-05      6.3995384376529615e-05
38  42     68.319604517012593      77.28100082736978     -3.4647909036371082e-05      6.2094287347493326e-05
38  44     70.068883707497264     79.221139541508506     -7.4985547431489816e-05      7.1719222550252514e-05
38  46     71.832867780352601     81.164184291043043     -9.9197249336148292e-05      7.7100569274572337e-05
38  48     73.610455730027937     83.109931253765524     -1.3774859797839632e-05       8.061796658879375e-05
38  50     75.400636936215164     85.058194986614126      4.6297552451139347e-05      8.2731194122772169e-05
38  52     77.202484376209242     87.008806426453759      7.8859118799309445e-05        7.94324412787344e-05
38  54     79.015148038438355     88.961611142848227      3.9809183631540893e-05      7.8621977839448537e-05
38  56     80.837848631377256     90.916467807029164      5.9769005271909113e-05      7.6771679033740505e-05
38  58     82.669871646719429     92.873246846881614      4.5516547362539736e-05      7.5196186471160862e-05
38  60     84.510561809129399      94.83182926242138      3.2774069203429549e-05      8.3599339159552274e-05
40   2     41.024984394500791     41.744030287042364      0.00013562122008371012      0.00012666986338929118
40   4      42.09975124224178     43.510092268472839      3.2384222771399858e-05      9.3753969289871262e-05
40   6     43.223748416156681     45.295608990458781      1.0606695477298286e-05      8.6926422399424792e-05
40   8     44.396078054371138     47.098367895523097      2.9159746076749053e-05      9.1027314571218095e-05
40  10       45.6155281280883     48.916462699458869     -0.00013605865586998369      8.1612202706234709e-05
40  12     46.880613017821105     50.748245168016027     -0.00020188868559690502       8.481424021888869e-05
40  14     48.189620100417088     52.592285101890852     -0.00021453450455902897      7.9118218121390033e-05
40  16     49.540659228538019     54.447337095987351     -0.00013129775518584954      8.0352078477620892e-05
40  18     50.931712199461309      56.31231287604507     -4.6944425439310005e-05      7.5625272276920108e-05
40  20     52.360679774997898     58.186258223528192     -9.3686193972624852e-05      7.6891830405332028e-05
40  22     53.825424421026653     60.068333676410667     -0.00011692835316339851      7.7104279774759701e-05
40  24     55.323807579381203     61.957798341016954     -0.00011755127282953785      7.9402295463902893e-05
40  26     56.853720883753127     63.853996271741927     -0.00012002787555764983      7.5929171247250292e-05
40  28     58.413111231467404     65.756344975045124     -0.00012630980399150874      7.3119485042798775e-05
40  30                     60     67.664325675223068       1.757996295947998e-05      8.0402295866278289e-05
40  32     61.612496949731394     69.577475045363371      5.2615897860661373e-05      8.2479754739966157e-05
40  34     63.248809496813379     71.495378160365533      3.7758545177499939e-05      7.8887031495265277e-05
40  36      64.90724809414742     73.417662472317815      6.8104885149718872e-05      7.8833424942614797e-05
40  38     66.586228448267448       75.3439926437715     -6.7353075795469378e-06      7.2725389663734797e-05
40  40     68.284271247461902     77.274066103125477     -8.4762091792401777e-06      6.6194890276433951e-05
40  42                     70     79.207609209694709     -6.2961702213745806e-05       6.881574411774157e-05
40  44     71.732137494637016     81.144373935111616     -1.8900955638760289e-05      7.4066581939047615e-05
40  46     73.479501308256346     83.084134983321178      -8.507442778790626e-05      8.0311024247134761e-05
40  48     75.240998703626616     85.026687284241802      -0.0001322428706649881      8.1534033885955398e-05
40  50     77.015621187164243     86.971843806704214      -4.440574737700997e-05      8.3117473548256161e-05
40  52     78.802438933713461     88.919433644975868     -1.5987521202895445e-06      8.6996940651215765e-05
40  54     80.600595232822883     90.869300340372234     -1.7026465732928107e-05        8.42233611089638e-05
40  56     82.409301068170507     92.821300405425717     -4.8381491788710331e-05      8.3948790004750138e-05
40  58     84.227829907617064      94.77530202304709     -2.9365067170309721e-05      7.6480526291631735e-05
40  60     86.055512754639892      96.73118389725883     -3.8034963951330082e-05      7.4681061430960971e-05
42   2     43.023796041628643     43.743482575531019      6.1073448713771763e-05      0.00012145742577500973
42   4     44.095023109728984     45.508071104712521     -5.4399218388960309e-05      8.6180418842036173e-05
42   6     45.213203435596427     47.291403061310803      9.6546918313201503e-06      8.7730845505716291e-05
42   8     46.377558326431952     49.091435824827357     -1.8730071161510111e-05      8.8129249471774479e-05
42  10     47.587033144922898     50.906397821677864     -6.7662168166318141e-05      8.6416781620766734e-05
42  12     48.840329667841559     52.734747624452652     -8.8472588514040387e-05      8.2026408210728678e-05
42  14     50.135943621178654     54.575139714438663     -6.3595005538259498e-05      8.4196028089801676e-05
42  16     51.472205054244228     56.426395797412809     -9.5970624988599872e-05      8.0151132920147584e-05
42  18     52.847319317591726     58.287480735764106     -8.2243535890809814e-05       7.576280259126848e-05
42  20      54.25940669922602     60.157482313988652     -9.5118981239850176e-05      7.6610609081765994e-05
42  22     55.706539182259391     62.035594187479518      -0.0001297203766446998      7.6682051017949761e-05
42  24     57.186773244895647     63.921101476972595     -0.00011218525919420733      7.5689710503065968e-05
42  26     58.698178070456933     65.813368564944426      -3.480032751337988e-05      7.3565079980963561e-05
42  28     60.238858928247922     67.711828728081173     -7.3696400543880568e-05      7.4781031671481709e-05
42  30     61.806975801127876     69.615975304069295      6.2075734418682937e-06       7.520869810780735e-05
42  32     63.400757564888167     71.525354143636164      6.0586865178579033e-05      8.0312745158156519e-05
42  34     65.018512172212596     73.439557141967825      9.7471110930727226e-05      8.0479702011667967e-05
42  36     66.658633371878665     75.358216679033362      0.00010954048013013882      7.5340321693454488e-05
42  38     68.319604517012593      77.28100082736978        6.66832609586406e-05      7.6762602478102463e-05
42  40                     70     79.207609209694709     -2.2012649273502523e-06      7.2327775880966829e-05
42  42     71.698484809834994     81.137769408281727     -5.7022550765130047e-05      7.3701408121390989e-05
42  44     73.413812651491099     83.071233844136941     -6.2429326892701013e-05      7.3709194849601252e-05
42  46     75.144823004794873     85.007777057296778     -8.3102826389592951e-05      7.3225322195208614e-05
42  48     76.890437438203946       86.9471933305432      -0.0001301266159158114      7.3650737675174879e-05
42  50     78.649655434629011     88.889294607925891     -2.7621635815203725e-05      8.4365636917566197e-05
42  52     80.421549934136806     90.833908667030443     -2.9106492989360291e-05      7.9135039696494593e-05
42  54     82.205262752974136     92.780877510218744       -2.93864064822793e-05      8.7396793248642934e-05
42  56                     84     94.730055945312301      1.6931397202488502e-05      8.5060731260629593e-05
42  58     85.805027579936308     96.681310330579322     -7.4337160622829033e-05      7.4215850822906114e-05
42  60     87.619666847201103     98.634517462567686      2.8107283988103648e-06      7.6996443149140233e-05
44   2     45.022715545545239     45.742982752178079      7.8426571632263101e-05      0.00012533923100953027
44   4     46.090722034374522     47.506220036244976     -1.8483047423043908e-06      9.2995641372722347e-05
44   6     47.203603311174518     49.287538112571454      1.4407254762095717e-06       8.241912419604845e-05
44   8     48.360679774997898     51.085045603035773     -5.9905749475596369e-06      7.8590431094233029e-05
44  10     49.561028345356959     52.897092125468539     -7.1632289686569987e-05      7.7702845738467888e-05
44  12     50.803508501982762     54.722233382751902      2.2575142627340497e-05      7.3372663819781819e-05
44  14     52.086792761230392     56.559201704607084      4.0916038607180216e-05      7.4833242390181514e-05
44  16     53.409399821439251     58.406881174468552     -4.4213044467329577e-05      7.4870030492285664e-05
44  18     54.769728648009426      60.26428660155657     -0.00015250124643519401      7.3580972026744871e-05
44  20     56.166091947189145     62.130545713526551     -9.8157315222810611e-05      7.3905867496051764e-05
44  22     57.596747752497691     64.004884045881013     -0.00011592129334138808      7.7361747248433886e-05
44  24     59.059928172283335     65.886612090717904     -3.1048175673602141e-06      7.4424838790041891e-05
44  26     60.553864678361279      67.77511434043322      5.2015890679749399e-05      7.3739133297597617e-05
44  28     62.076809620810593     69.669839923203909      5.3661917285220424e-05      7.1154133624030559e-05
44  30       63.6270539113887     71.570294578064434     -2.5384182859034532e-06       7.482808765279886e-05
44  32     65.202941017470891     73.476033759702759      0.00014602725140549822      7.5897462027936453e-05
44  34     66.802877548915689     75.386656698138836      0.00018540486820140906      7.6101326938345464e-05
44  36     68.425340807103794     77.301801267429084      8.9469625892092975e-05      7.5997086801859914e-05
44  38     70.068883707497264     79.221139541508506      0.00016194434533315909      7.6741548355571606e-05
44  40     71.732137494637016     81.144373935111616      4.4552087729194163e-06      7.3096275453176659e-05
44  42     73.413812651491099     83.071233844136941     -5.3770389109464208e-05      7.3607885774800094e-05
44  44     75.112698372208087     85.001472713438005     -5.6025753124649863e-05      7.3428773590247445e-05
44  46     76.827660925679098     86.934865471336678     -0.00013166218485288037      7.1027267076024649e-05
44  48     78.557641192199412     88.871206279567673     -0.00014947274264101349      7.1684913489994531e-05
44  50     80.301651610693426     90.810306555211724     -5.4583007670589508e-05      7.7713354687199918e-05
44  52     82.058772731852798     92.751993227733877     -3.8488713804960074e-05      7.9967515148170326e-05
44  54     83.828149534535996      94.69610719973474     -4.9516368785429391e-05      8.3759721071672555e-05
44  56     85.608987629529707     96.642501984632588     -5.3992443721920732e-05      8.7667844188279515e-05
44  58     87.400549446402593     98.591042498371905     -6.3451776650259525e-05      8.3830753460793894e-05
44  60     89.202150475476543     100.54160398552351      -6.193600681808307e-05      7.9211100338681128e-05
46   2     47.021728866442672     47.742524800185599      1.8612304988099545e-05      0.00013548061590157109
46   4     48.086792761230392     49.504518466425601      7.5779919553620319e-06      9.7255425228008841e-05
46   6     49.194827009486403     51.283974328136949      7.5874233599762105e-05      8.4279878512781331e-05
46   8     50.345235059857501     53.079136175952861      5.7785245541109672e-05      7.4075417579105014e-05
46  10     51.537204591879643     54.888463008920944     -1.3025696070960448e-05       7.143456704755211e-05
46  12     52.769728648009426     56.710599060299309      7.3941867821340277e-05      7.2148190518129133e-05
46  14     54.041630560342611     58.544348318811764      6.3436684838945488e-05      7.6051939217243876e-05
46  16     55.351591323771842     60.388652861035844      2.3966649830740413e-05       7.548985240726784e-05
46  18     56.698178070456933     62.242574405844032     -0.00010477226899342059      7.2607071314135456e-05
46  20     58.079872407968907     64.105278588922516     -4.3872613753450145e-05      7.3749784016547134e-05
46  22     59.495097567963924      65.97602153252123     -3.1866565524388491e-05      7.3911539174828961e-05
46  24      60.94224354214569     67.854138352469263     -2.2619998131020399e-05      7.1741914739113872e-05
46  26     62.419689627245816     69.739033301676741      3.7886859227649408e-05      6.8866882429522656e-05
46  28      63.92582403567252     71.630171297775874      6.7537949827738611e-05      6.5546399863163074e-05
46  30     65.459060435491963     73.527070623308873     -3.1906309762596776e-06      7.2388160319758092e-05
46  32     67.017851452243804      75.42929662101713      0.00012767765243645017      7.2101292159452521e-05
46  34     68.600699292150182     77.336456235321023      0.00022242501452162091      7.1321291554308857e-05
46  36     70.206163733020475     79.248193274888365      0.00015135635803335899      7.5799459333206301e-05
46  38     71.832867780352601     81.164184291043028      0.00013329823994990902      7.7133629446881859e-05
46  40     73.479501308256346     83.084134983321178     -8.1923867572199904e-06       7.953466033941874e-05
46  42     75.144823004794873     85.007777057296764     -5.0405839455294918e-05      7.7704020538090502e-05
46  44     76.827660925679098     86.934865471336678     -2.6872963947069429e-05      7.9803493650656195e-05
46  46     78.526911934581193     88.865176018594269     -7.8426634221239895e-05      7.6503612039656771e-05
46  48      80.24154027718933     90.798503198632517     -0.00015530616998465184      7.9138331775555759e-05
46  50     81.970575502926067     92.734658339848409     -7.7052119942250949e-05      7.4878462910249423e-05
46  52     83.713109915419565     94.673467939569832      8.0392205149603945e-06        8.29696716182521e-05
46  54     85.468295701936398      96.61477219349581      8.6219784499639792e-05      7.9919016047264163e-05
46  56     87.235341863986875     98.558423690202289       7.036161662485457e-05      7.7010394893005851e-05
46  58     89.013511046643487     100.50428624985983      9.3771867174917259e-07       7.669925625256045e-05
46  60     90.802116342871599     102.45223388921347     -2.4468469061981192e-05      7.5700297169780398e-05
48   2      49.02082429892863     49.742103670096341     -2.2666052518240126e-05      0.00014475176757311581
48   4     50.083189157584592     51.502948993753982      7.3348090819321511e-06       0.0001011722438710823
48   6     51.186773244895647     53.280677853982269     -7.9687548685408839e-06      8.2706606173145049e-05
48   8     52.331050121192874      55.07365531818683     -1.2381401938640224e-05      7.5738193487729106e-05
48  10     53.515301344262525     56.880439411392217     -9.8911918578941687e-05      7.5041403714569061e-05
48  12     54.738633753705962     58.699755239350644      1.0098203437520258e-05      7.9120583492273204e-05
48  14                     56     60.530472843736206      3.9277109805044448e-05      7.8212235586733596e-05
48  16      57.29822128134704     62.371588245072758      7.4223574969169793e-05      7.6590555034208938e-05
48  18     58.632011235952589     64.222207200776822     -1.3108687230590666e-05       7.912502788863766e-05
48  20                     60     66.081531272104485     -2.5121375684289669e-05      7.6701336671202144e-05
48  22     61.400757564888167     67.948845853279465     -1.4578434378699623e-06       8.163217492244409e-05
48  24     62.832815729997478     69.823509868233828     -1.0077998834110349e-05      8.1744134743300985e-05
48  26     64.294688127912366     71.704946885455243      7.3580078726520105e-05       7.378295726770516e-05
48  28     65.784887978899604      73.59263743998153      8.9074650589730805e-05      7.4439892874585896e-05
48  30     67.301943396169804     75.486112384326589      4.2702749911950251e-05      7.8129260189513554e-05
48  32     68.844410203711917     77.384947117807059      9.6759982382899461e-05         7.7808312218216e-05
48  34     70.410882339705481     79.288756567072028      0.00018122999605328961      7.7481656994218061e-05
48  36                     72     81.197190810267685      0.00013773209835095837      7.6607970793909298e-05
48  38     73.610455730027937     83.109931253765524      9.3827398421289255e-05      7.3025480116843891e-05
48  40     75.240998703626616     85.026687284241788      8.2770228575170004e-05      7.8614109627412091e-05
48  42     76.890437438203946       86.9471933305432      1.4535875448020075e-05      8.0893530403637636e-05
48  44     78.557641192199412     88.871206279567673     -4.1176644155556254e-06      7.5379477200172401e-05
48  46      80.24154027718933     90.798503198632517     -9.7570205171720355e-06      7.4547281706244774e-05
48  48     81.941125496954271     92.728879323750562     -8.8467032128989389e-05      7.8463674254202097e-05
48  50     83.655446902326915     94.662146279097783     -8.4646939528300386e-06      8.4718629903394728e-05
48  52     85.383612025908263     96.598130497913445      6.2040070170950047e-05      8.1690476522764687e-05
48  54     87.124783736376884     98.536671819270055      0.00012886052635621175      7.5459410916251584e-05
48  56     88.878177829171548     100.47762223871115      0.00011103524902693796      7.8098525592769851e-05
48  58     90.643060449437428     102.42084479378087      6.0049769516970836e-05      7.7207054031621741e-05
48  60     92.418745424597091     104.36621256804506      2.7651626829499825e-05      7.5981252066306307e-05
50   2     51.019992006393608     51.741715092919826     -0.00014395436207605884      0.00014477807212747996
50   4     52.079872407968907     53.501496815638482     -2.3343870140980275e-05      9.9205364594962182e-05
50   6     53.179356624028344     55.277619723271947     -7.6306941197681733e-05      7.9724897003558804e-05
50   8      54.31797780234433     57.068558094869992     -0.00013878316438808029       8.182199856937358e-05
50  10     55.495097567963924     58.872959869403871     -0.00013799218268492822       7.962083961999789e-05
50  12     56.709920264364882      60.68962419179514     -3.1246495907257016e-05      7.5364933806728874e-05
50  14     57.961509971494337     62.517482077401475       4.265755280356993e-05      8.1856536787239926e-05
50  16     59.248809496813379     64.355579758519013      0.00014289709544522647      7.5150052660551562e-05
50  18     60.570660511172846     66.203064330980851      0.00012519183606045923      7.6821599613119548e-05
50  20      61.92582403567252     68.059171369984199      3.9533814514111691e-05      8.1278508411670731e-05
50  22     63.313000567495322     69.923214230509771      7.5714932331746054e-05      8.5407792467773644e-05
50  24     64.730849247724095     71.794574788647168       3.141840737372868e-05       8.419801763876001e-05
50  26     66.178005607210736     73.672695415869924      4.8904034081529717e-05      8.1896686061404007e-05
50  28     67.653097563788805     75.557072009153643      9.3565080286310196e-05      7.5651459395841556e-05
50  30     69.154759474226495     77.447247926271174      4.0222602549429441e-05      7.6571850113381839e-05
50  32     70.681644159311659     79.342808698143557      0.00010738774429289206      7.8235739786481883e-05
50  34     72.232432915661946      81.24337740928236      0.00010739728665354067      7.7574514439571033e-05
50  36     73.805843601498722     83.148610653600088       5.024807882690321e-06      7.2754443517331085e-05
50  38     75.400636936215164     85.058194986614126      2.0823025645910255e-05      7.2654548449996043e-05
50  40     77.015621187164243     86.971843806704214      1.4081688390029758e-05      8.0891222564722032e-05
50  42     78.649655434629011     88.889294607925891      -3.904618704260222e-06       8.251397832035855e-05
50  44     80.301651610693426     90.810306555211724       3.604959824419882e-06      7.4304342139100687e-05
50  46     81.970575502926067     92.734658339848409     -4.3330748799310054e-05      7.6793980456324955e-05
50  48     83.655446902326915     94.662146279097783     -9.2784624496779631e-05      7.8250773501621591e-05
50  50     85.355339059327378     96.592582628906825      6.9464680820759101e-05      7.9823157971648442e-05
50  52     87.069377593742871     98.525794082966314       0.0001456409972432018      7.9217793643588955e-05
50  54     88.796738985948195     100.46162043504955      9.3003700182698487e-05      7.6124288421974121e-05
50  56     90.536648758246912     102.39991338469412       0.0001429296290954983      7.7934792517655481e-05
50  58     92.288379438153299     104.34053546896213      7.0591432095979848e-05       7.901657622953512e-05
50  60     94.051248379533263     106.28335910530222      5.2035115832320358e-05      7.0497891547458688e-05
52   2     53.019223662515373     53.741355434964269     -5.9829531475449797e-05      0.00014224378662693613
52   4     54.076809620810593     55.500149260829268      8.6718091787779355e-05      9.3660247669223205e-05
52   6     55.172504656604801     57.274775005769243      2.9158363537250346e-05      8.3526407622463194e-05
52   8     56.305892875931811      59.06380563381142      -8.778333614479628e-05      7.7969681568823364e-05
52  10     57.476404589747453     60.865970952050183     -3.9473370091078775e-05      7.5561093751599803e-05
52  12     58.683328128252668     62.680138033694369      7.6745886483506239e-06      7.8753791863118842e-05
52  14      59.92582403567252     64.505294262642835     -3.9100796347200051e-05      7.7264621018867418e-05
52  16     61.202941017470891     66.340532647072607      2.0787108601597704e-06      7.6185003426558492e-05
52  18     62.513632984395208     68.185039091317293      5.9821412526509604e-05      7.5478569197234212e-05
52  20     63.856776554368238     70.038081354871736       0.0001423676838209188      7.6263257852691711e-05
52  22     65.231188426986208     71.898999463544655       9.676392776722586e-05      7.9654506768921376e-05
52  24      66.63564212655271     73.767197370145212     -2.6379508731997325e-06      7.9792275597072396e-05
52  26     68.068883707497264     75.642135690586642      1.6481878777130458e-05      7.6572485281478926e-05
52  28     69.529646120466793     77.523325366113426      2.4683852981720738e-05      7.6266374408982894e-05
52  30     71.016662039607269     79.410322123811142      4.6145444382079501e-05      8.1435745114616839e-05
52  32     72.528675044947491     81.302721625998544      6.7304797574244121e-05      7.4460801039485572e-05
52  34     74.064449134018133     83.200155214889918      8.9813002063970145e-05      7.8340626565958038e-05
52  36     75.622776601683796     85.102286172399261      4.3144916258894502e-06      7.6217803345895007e-05
52  38     77.202484376209242     87.008806426453759      1.0405390877669942e-05      7.2652369458762136e-05
52  40     78.802438933713461     88.919433644975868     -5.5976141059479981e-05      8.3612061052334505e-05
52  42     80.421549934136806     90.833908667030443     -3.1449755712899664e-05      7.8790936801590548e-05
52  44     82.058772731852798     92.751993227733877       -3.29969876793795e-05      7.2798796535336147e-05
52  46     83.713109915419565     94.673467939569832      -4.948621415287693e-05       7.336156927873997e-05
52  48     85.383612025908263     96.598130497913445     -3.3866031310192995e-05      7.0035801134146912e-05
52  50     87.069377593742871     98.525794082966314      -1.765013700235673e-05      7.4758574115493269e-05
52  52      88.76955262170047     100.45628593406312      -1.467152180886975e-05      7.7008443594505494e-05
52  54     90.483329627982627     102.38944607552776      7.3114923654630433e-05      7.0595099994882394e-05
52  56     92.209946349085598     104.32512617601077      0.00011486277292889049      7.0712873669204971e-05
52  58     93.948684188300888     106.26318852560247       7.476291481225412e-05      7.6947781845414535e-05
52  60     95.698866482558415     108.20350511704737      0.00011441300714806353      7.4972732193428216e-05
54   2     55.018512172212596     55.741021583905678      -4.527110503907006e-05      0.00014482658655863285
54   4     56.073972741361771     57.498895419258943      4.5576931826398546e-05      9.9169687783633295e-05
54   6     57.166155414412245     59.272122128807879      3.6056433583479668e-05      8.6145175814438565e-05
54   8     58.294688127912366     61.059364137450324     -1.9987500682939695e-05      8.1421357177170536e-05
54  10     59.459060435491963     62.859425992345756      4.8858753485849667e-05      7.1615479180248552e-05
54  12     60.658633371878665      64.67123721798302      2.9238090456259752e-05      7.5055331436406524e-05
54  14     61.892651361962706     66.493837387550968     -3.6355541454169098e-05      7.5492687941982204e-05
54  16     63.160255680657443     68.326363123903434     -7.0434179549455894e-05      7.8748790775909908e-05
54  18     64.460498941515411     70.168036775706852      7.0728286392335958e-05      7.8047584730877684e-05
54  20     65.792360097775941     72.018156545237872      0.00014701661720401945      8.3946807603441586e-05
54  22     67.154759474226495     73.876087872814622      9.9344563920578395e-05      8.3019352192661888e-05
54  24     68.546573405388315     75.741255908581721      4.1927349922510239e-05      8.2030727722863753e-05
54  26     69.966648127543394     77.613138925227759      4.0202429011529791e-05      7.3381826779091839e-05
54  28     71.413812651491099     79.491262545289487       9.411803876785207e-05      7.5983686457478514e-05
54  30     72.886890422961002     81.375194674185465      2.3333855181649045e-05      7.7358738959528917e-05
54  32     74.384709652950434     83.264541045267407      8.5632751390160862e-05      8.0598213556573158e-05
54  34     75.906112267087636     85.158941296240044        7.11958792538003e-05      8.0619193299377232e-05
54  36     77.449961479175897     87.058065507532945     -5.2751994916941445e-05      8.2657831290540708e-05
54  38     79.015148038438355     88.961611142848213      1.9092335341036297e-05      7.7594949317596961e-05
54  40     80.600595232822883     90.869300340372234      1.3497147489200152e-05      8.1439417059625405e-05
54  42     82.205262752974136     92.780877510218744      8.5771998715801116e-06       7.760106457356918e-05
54  44     83.828149534535996      94.69610719973474      8.4701648942698848e-06      7.2312627284774696e-05
54  46     85.468295701936398      96.61477219349581      1.9442307465179721e-05      7.8292874206040594e-05
54  48     87.124783736376884     98.536671819270055     -1.5901708750099987e-05      7.2019763410828398e-05
54  50     88.796738985948195     100.46162043504955     -3.1294697673568977e-05      7.1007316080540098e-05
54  52     90.483329627982627     102.38944607552776     -2.0943957834499994e-05      7.4037658297787263e-05
54  54     92.183766184073562     104.31998923921937       0.0001222653213026005      7.1871648953860501e-05
54  56     93.897300677553446      106.2531017998453      5.7043635516211138e-05      7.5989576247934102e-05
54  58     95.623225512317902     108.18864602769426      7.1963703653790971e-05      8.0520142385166613e-05
54  60     97.360872141221137     110.12649370847672      8.1706489461483381e-05      8.2208558738200275e-05
56   2     57.017851452243804      57.74071085852438      -8.625109906331003e-05      0.00013926721632154306
56   4     58.071337695236394     59.497725846417254       7.348535639260562e-06      0.00010534154677449766
56   6     59.160255680657443     61.269642330791704      4.5806819138776274e-05      9.0614422921131204e-05
56   8     60.284271247461902     63.055204081747739      4.9287629149601101e-05      7.9865213499037929e-05
56  10     61.442925306655781     64.853284051299767      4.3660919343490453e-05      8.0570970893364602e-05
56  12      62.63564212655271     66.662869295330253      1.8242788506739055e-05      7.5409205153466476e-05
56  14     63.861739379323623     68.483047779242412     -5.8121755234258854e-05      7.5116509782137338e-05
56  16     65.120439557122069     70.312996832603531     -2.3415923746569863e-05       7.843312256172768e-05
56  18     66.410882339705481     72.151973043219186      0.00010603700029946335      7.7720669716933123e-05
56  20     67.732137494637016     73.999303405350659      0.00022973751003331128      7.5687081246987608e-05
56  22     69.083217912982647     75.854377559405606      0.00012280481070547057      8.0633578734962878e-05
56  24     70.463092423455635     77.716640981018799      0.00010631462901298144       7.565222259174274e-05
56  26     71.870698080866262     79.585588995874659      5.3611349938959129e-05        7.90386999036301e-05
56  28     73.304951684997064     81.460761512939456      8.8949244257041613e-05      7.9792783741697068e-05
56  30      74.76476034853718      83.34173838309178      8.5227972366844611e-05      7.7313838079889568e-05
56  32     76.249030993194197     85.228135302630122      4.9058693229166728e-05      7.8373755865073755e-05
56  34      77.75667870831839      87.11960019198402     -5.8580496489851047e-05      8.2081504661987942e-05
56  36      79.28663395418647     89.015809989343225      2.6483621508332975e-05      7.6628776401355586e-05
56  38     80.837848631377256     90.916467807029164     -2.5595343020760794e-05       7.237657195814873e-05
56  40     82.409301068170507     92.821300405425717      1.7609939730400229e-06      8.1425264511941959e-05
56  42                     84     94.730055945312301     -1.8365961890604373e-05      7.8442153816658675e-05
56  44     85.608987629529707     96.642501984632588     -4.7423775857170817e-05      7.4208953245680312e-05
56  46     87.235341863986875     98.558423690202289      -5.803276581009902e-05      7.7603685976280684e-05
56  48     88.878177829171548     100.47762223871115      2.2678669127530333e-05        7.10143906226489e-05
56  50     90.536648758246912     102.39991338469412      4.7403773636349264e-05      7.1782670335866078e-05
56  52     92.209946349085598     104.32512617601078      6.2507874992349358e-05      7.2121184947829291e-05
56  54     93.897300677553446      106.2531017998453       -2.24424074736101e-05      7.9202696490814409e-05
56  56     95.597979746446669     108.18369254437565     -2.7849793690164058e-05       8.088911711723715e-05
56  58     97.311288741492746     110.11676086311164      4.8563265156310953e-05      8.0970796306045631e-05
56  60     99.036569057366393     112.05217853050172       9.899233977771042e-05      8.3555280869019376e-05
58   2     59.017236257093813      59.74042093656513     -2.1179212642034143e-05      0.00014407196560596651
58   4     60.068883707497264     61.496632325323148     -6.5630390379169305e-05       9.930549329784513e-05
58   6     61.154759474226502       63.2673192180131     -6.5810783540501092e-06      8.6023906701150521e-05
58   8     62.274562336608895     65.051299562053003      3.7684857391818859e-05      8.5709180386418885e-05
58  10     63.427877939124322      66.84750906645624      2.6537426817233924e-05      7.8543565834498732e-05
58  12     64.614185789921692     68.654987889212677       8.214579082698912e-05      7.2286192163066728e-05
58  14     65.832867780352601     70.472868933696233      3.3518091116167881e-05      6.9644533837533667e-05
58  16     67.083217912982647     72.300367560780202      4.0658378300100063e-05      6.9722247451647451e-05
58  18     68.364452901377945      74.13677254306333      0.00012094580096615044      7.5532909092106696e-05
58  20     69.675723300355941     75.981438106815915      0.00010648739074767942      7.0683668310145235e-05
58  22     71.016124838541643     77.833776925303368      0.00010650985638954627        7.50203072318349e-05
58  24     72.384709652950434     79.693253943705145      8.4037844578826616e-05      7.5356219585871081e-05
58  26     73.780497164141408     81.559380930790951      8.7378561261577812e-05      7.7641188771852842e-05
58  28     75.202484376209242     83.431711665839956       0.0001113586006846153      7.7710557111673918e-05
58  30     76.649655434629011     85.309837681066099      1.4564447867839801e-05      8.0886054830339756e-05
58  32     78.120990323358399     87.193384490154045      1.3773524025670716e-05      8.2290929631714503e-05
58  34      79.61547262794322     89.082008242550444     -6.3926184619730119e-05      7.6608406986147687e-05
58  36     81.132096331752024     90.975392751028096     -6.3620686520391402e-05      7.9740587073673711e-05
58  38     82.669871646719429     92.873246846881614     -7.5269472715195776e-06      7.9669166671593667e-05
58  40     84.227829907617064      94.77530202304709     -2.6024851532089087e-05      7.9863825162729396e-05
58  42     85.805027579936308     96.681310330579322      2.6477444720049754e-05      7.7817777402457421e-05
58  44     87.400549446402593     98.591042498371905      4.8029562874259305e-05      7.7175639826113646e-05
58  46     89.013511046643487     100.50428624985983      6.6837680169993365e-07      7.3851795510480414e-05
58  48     90.643060449437428     102.42084479378089      3.8457521649690415e-06      6.8929965832332951e-05
58  50     92.288379438153299     104.34053546896213      3.3992520730327269e-05      7.0720176641967438e-05
58  52     93.948684188300888     106.26318852560249      8.0242274725280036e-05      7.0462848574121172e-05
58  54     95.623225512317902     108.18864602769426      3.8964812445302935e-06      8.5269937491500987e-05
58  56     97.311288741492746     110.11676086311164     -3.9211511194269885e-05      7.9144202153639694e-05
58  58     99.012193308819747     112.04739584953194      2.6825048877190477e-05      8.2326731457661772e-05
58  60     100.72529209005013     113.98042292578009      6.3137088138900816e-05      7.9569745552582477e-05