2   2     3.4142135623730949     3.8637033051562732         0.23654641284999819      0.00030345496828619643
2   4     5.2360679774997898     5.8186258223528196        0.098843408410999006      0.00020590551465713425
2   6       7.16227766016838     7.7964485306340947        0.043131849452585636      0.00015072216290462883
2   8     9.1231056256176615     9.7832925398917734        0.019489394613090422      0.00014362935283463959
2  10     11.099019513592784     11.774591973880774       0.0090788747823420096      0.00011323787921074712
2  12     13.082762530298218     13.768413829546708        0.004280102998889224      6.5340862284518495e-05
2  14     15.071067811865476     15.763801020436935       0.0019986559782901609      3.2544218045321821e-05
2  16     17.062257748298549     17.760225951327421      0.00090466259345934599      6.3307168090398732e-05
2  18     19.055385138137417     19.757374042935957      0.00041012604557615989      5.9840838587843544e-05
2  20      21.04987562112089     21.755046134236419      0.00015335829588767949      6.8652675519188214e-05
2  22     23.045361017187261     23.753110018122484      1.9294162694357856e-05      0.00010372082881163302
2  24     25.041594578792296     25.751474496876988     -2.8396322159740264e-05      0.00011746922192452476
2  26     27.038404810405297     27.750074630414634     -5.6075464228620993e-05      7.2545633524385747e-05
2  28     29.035668847618197      29.74886292320863     -5.1190449576530615e-05      8.6837396345584183e-05
2  30      31.03329637837291     31.747803836708655     -4.8735428949369412e-05      5.5846910779112095e-05
2  32     33.031219541881399     33.746870250208509     -9.0212281011921053e-07      6.8834858492894312e-05
2  34     35.029386365926399     35.746041108277765      3.3322852948070454e-05      5.6514897392823755e-05
2  36     37.027756377319946     37.745299815274471      -3.082236920835948e-05      8.3053045004324099e-05
2  38      39.02629759044045     39.744633114110314      -3.765787070652028e-05      9.1500757461086626e-05
2  40     41.024984394500791     41.744030287042364      5.3004032071984455e-05      7.7554213910978594e-05
2  42     43.023796041628643     43.743482575531019      3.5003564863661816e-05      8.3175431138853055e-05
2  44     45.022715545545239     45.742982752178072      6.3412503075700735e-05      8.8479917887126174e-05
2  46     47.021728866442672     47.742524800185599      5.5969319957960258e-05      8.7419097118970348e-05
2  48      49.02082429892863     49.742103670096341     -9.1528933496010711e-05      7.3794442703380362e-05
2  50     51.019992006393608     51.741715092919826     -0.00018870609939596928      0.00010175089807104884
2  52     53.019223662515373     53.741355434964269     -0.00027431969471926462       8.695221937792589e-05
2  54     55.018512172212596     55.741021583905678     -0.00025690182549251356      0.00010153973555224351
2  56     57.017851452243804      57.74071085852438     -0.00019222718462105141      9.4075348941191584e-05
2  58     59.017236257093813      59.74042093656513     -7.2173663311679429e-05      9.7410538217514452e-05
2  60     61.016662039607269      61.74014979661343      3.6459305967729246e-05      0.00013377163721555908
4   2     5.2360679774997898     5.8186258223528187        0.098756895732899683      0.00020496456090688802
4   4     6.8284271247461898     7.7274066103125465         0.04579160337964501      0.00012377474923506648
4   6     8.6055512754639896     9.6731183897258823        0.021231326708313077      9.1854887418743773e-05
4   8      10.47213595499958     11.637251644705639        0.009935102673677091      6.2856957801512049e-05
4  10     12.385164807134505     13.611834273996839       0.0046429433985545263      9.5897396687321399e-05
4  12      14.32455532033676     15.592897061268189       0.0022245966587655969      7.6340881346435805e-05
4  14     16.280109889280517     17.578249208150883       0.0010186442794738082      5.7560289939116299e-05
4  16     18.246211251235323     19.566585079783547      0.00044961610923200903      4.2176687058272075e-05
4  18     20.219544457292887     21.557079072661008      0.00020002786370103084      6.1273143897253767e-05
4  20     22.198039027185569     23.549183947761549      4.3050775453590591e-05      7.5076086923133253e-05
4  22     24.180339887498949      25.54252280151789      3.8962721035819624e-05      8.1981671626859244e-05
4  24     26.165525060596437     27.536827659093415     -2.4807052526176637e-05      9.4362088226823053e-05
4  26     28.152946437965905     29.531902816905706      1.4606880648780454e-05      7.7008831617116918e-05
4  28     30.142135623730951      31.52760204087387      1.8722033008679548e-05      4.7978376126139166e-05
4  30     32.132745950421558     33.523813877723775     -9.2926369799889682e-05      2.5921348691791808e-05
4  32     34.124515496597098     35.520451902654841      1.6952125391300485e-05      6.3067614958089494e-05
4  34      36.11724276862369     37.517448071922047     -4.1689565720049406e-05      6.5957288947655874e-05
4  36     38.110770276274835     39.514748085871915       7.990989474828349e-06      7.9166846377768388e-05
4  38     40.104973174542799     41.512308087487369     -1.1414422450426816e-05      8.9520519520606097e-05
4  40      42.09975124224178     43.510092268472839      5.3432275164438909e-05      8.0735615995381364e-05
4  42     44.095023109728984     45.508071104712521      4.4627965903980014e-05      8.3655946403805216e-05
4  44     46.090722034374522     47.506220036244969      7.3462840874479105e-05      7.2072414723328904e-05
4  46     48.086792761230392     49.504518466425601      4.2979016335562063e-05      7.1778452252468198e-05
4  48     50.083189157584592     51.502948993753975     -4.3241758644346435e-05      7.5952421585960634e-05
4  50     52.079872407968907      53.50149681563849     -0.00013516868868823555      9.2296060823026993e-05
4  52     54.076809620810593     55.500149260829268     -0.00018421403636259608      5.8839364538225781e-05
4  54     56.073972741361771     57.498895419258943     -0.00018457617492482513      4.9942333981162412e-05
4  56     58.071337695236394     59.497725846417261     -0.00011982885210427964      5.0593355474648742e-05
4  58     60.068883707497264     61.496632325323141     -8.1242284312932578e-05      5.5387213998857124e-05
4  60      62.06659275674582     63.495607673417311      6.5564041230854286e-05      7.5388738256213991e-05
6   2       7.16227766016838     7.7964485306340947        0.043020458697562797      0.00016200878427369161
6   4     8.6055512754639896     9.6731183897258823          0.0211218421668595      0.00010439757887852957
6   6     10.242640687119284      11.59110991546882        0.010285208126136893      8.1964820558238182e-05
6   8                     12     13.532865135044617       0.0050151388114732347      9.7367739347675603e-05
6  10     13.830951894845301     15.489449585254237       0.0023820142608007053       7.699996961116554e-05
6  12     15.708203932499369     17.455877467058457       0.0012002977675198256      6.8469234877616418e-05
6  14     17.615773105863909       19.4291602452547       0.0005252175045794839       5.733067769737628e-05
6  16     19.544003745317532     21.407402400258938      0.00029216629968758828      3.7576458821608922e-05
6  18     21.486832980505138     23.389345591902281      0.00017743186598141652      8.3413499804375224e-05
6  20     23.440306508910552      25.37412258400801      6.9826017148609998e-05      6.7386390085532718e-05
6  22     25.401754250991381     27.361116691375955     -2.7484701059650338e-05      6.2406350265978275e-05
6  24     27.369316876852981     29.349877619675318      7.9796545072059706e-05       7.620351155368643e-05
6  26     29.341664064126334     31.340069016847181      3.6745735196531395e-05       7.411589813887667e-05
6  28     31.317821063276355     33.331434647665127     -1.8724956235758496e-05      4.4510296412234553e-05
6  30     33.297058540778352     35.323775921642323     -0.00010144782899819966      3.2138513813665731e-05
6  32     35.278820596099706     37.316936571123094     -1.0973415759040041e-05      5.1282796208450945e-05
6  34     37.262676501632072     39.310791962819209      5.1210715762390763e-05      7.4143858505570343e-05
6  36     39.248287590894662     41.305241488640121     -7.2983307291841972e-05       9.072855508267827e-05
6  38      41.23538406167134     43.300203049474305     -2.4847379443850693e-05       8.465275757153834e-05
6  40     43.223748416156681     45.295608990458774      6.0686092683093881e-06      6.5529925236962149e-05
6  42     45.213203435596427     47.291403061310803      2.2342661738298174e-06      7.1278204165375149e-05
6  44     47.203603311174518     49.287538112571454      9.2490705582449608e-05      6.2863873129838488e-05
6  46     49.194827009486403     51.283974328136956      8.2270420020286709e-05      5.1359957802679455e-05
6  48     51.186773244895647     53.280677853982269      4.6503629885974121e-05       7.658050357350214e-05
6  50     53.179356624028344     55.277619723271947     -0.00010152509955233875      6.9142243394605424e-05
6  52     55.172504656604801     57.274775005769243     -0.00015526396561007469      5.3743796516942942e-05
6  54     57.166155414412245     59.272122128807879     -9.7138438079895145e-05       6.733680987878416e-05
6  56     59.160255680657443     61.269642330791704     -9.1557936762302173e-05      5.1211387762635079e-05
6  58     61.154759474226502       63.2673192180131     -8.3320241578039767e-05      5.7965424442201226e-05
6  60      63.14962686336267     65.265138402709255       5.896383578442558e-05      5.2243941713160652e-05
8   2     9.1231056256176615     9.7832925398917734        0.019258296891059439      0.00013778625687647865
8   4      10.47213595499958     11.637251644705637       0.0097877269203176572      0.00010489448588680651
8   6                     12     13.532865135044617       0.0049899230232922477      7.8447683605701481e-05
8   8      13.65685424949238     15.454813220625093       0.0025447484361583502      8.7468380049206661e-05
8  10     15.403124237432849     17.394368761340843       0.0012603451375002991      8.4047797154388089e-05
8  12     17.211102550927979     19.346236779451765      0.00070538275418635936      5.6236718798732322e-05
8  14     19.062257748298549      21.30703382565753       0.0003298715753522432      3.7065518722231501e-05
8  16     20.944271909999159     23.274503289411278       0.0001785051328404112      6.5941769991537596e-05
8  18     22.848857801796104     25.247085302860572      0.00016004421038990287      6.9882366860085285e-05
8  20     24.770329614269009     27.223668547993679        6.81854652818805e-05      5.3286611257908646e-05
8  22     26.704699910719626     29.203440587234276     -2.5760841511049815e-05      4.8191716802601927e-05
8  24      28.64911064067352     31.185794122536379      3.8352568630011853e-05      7.1382807214761236e-05
8  26     30.601470508735446     33.170266323536303      5.3167704938794615e-05       6.735778692524205e-05
8  28     32.560219778561034     35.156498416301766     -0.00010937092324411136      4.1530666504049397e-05
8  30     34.524174696260026     37.144208079006482     -0.00011426620189930391      2.3383716820501854e-05
8  32     36.492422502470646     39.133170159567094     -7.0792835272889736e-05      4.6497557938989374e-05
8  34     38.464249196572979     41.123202935310552     -4.1494488043396853e-05      4.9285753404440234e-05
8  36     40.439088914585774     43.114158145322016     -4.6440115185180082e-05       6.346017554733099e-05
8  38     42.416487838947603     45.105913642236963     -1.7881858988444211e-05       7.857518660751091e-05
8  40     44.396078054371138     47.098367895523097     -5.6951724792159772e-05      7.2568188480257457e-05
8  42     46.377558326431952     49.091435824827357     -1.1981739528612553e-05       6.124566503867444e-05
8  44     48.360679774997898      51.08504560303578      2.8325758916990111e-05        5.65544410646281e-05
8  46     50.345235059857501     53.079136175952854      1.8887427703170587e-05      4.6704993231673806e-05
8  48     52.331050121192874      55.07365531818683      4.8381597259149869e-05      6.6754505971891722e-05
8  50      54.31797780234433     57.068558094869985      2.5524407384302824e-05      5.3419524611696388e-05
8  52     56.305892875931811     59.063805633811413     -7.9332155284844694e-05       5.292656486091101e-05
8  54     58.294688127912366     61.059364137450324     -1.7059087039130637e-05      5.9196345414701657e-05
8  56     60.284271247461902     63.055204081747739     -2.1192699994839565e-05       5.572166461141298e-05
8  58     62.274562336608895     65.051299562053003     -4.1119458213888874e-05      5.5028394743064234e-05
8  60     64.265491900843116      67.04762775544755     -6.5735382195852554e-06      8.0396152122808227e-05
10   2     11.099019513592784     11.774591973880774       0.0088257448062505107      0.00012425648191196275
10   4     12.385164807134505     13.611834273996838       0.0046087060574413049      7.2780312984272523e-05
10   6     13.830951894845301     15.489449585254238       0.0024097925741269921      6.2068278437583837e-05
10   8     15.403124237432849     17.394368761340843       0.0012650229178196219      6.2107986633188676e-05
10  10     17.071067811865476     19.318516525781369      0.00073086974683739887      8.6829071157108219e-05
10  12     18.810249675906654     21.256671821060451      0.00042076685153034942      6.4213089136379447e-05
10  14     20.602325267042627     23.205325101356429      0.00022890145164946614      6.4417162880118657e-05
10  16     22.433981132056601     25.162037461442196       0.0001228612255165217      6.5209475233876806e-05
10  18     24.295630140987001     27.125064891395155      0.00013748916147664149      7.7233848030053065e-05
10  20     26.180339887498949     29.093129111764092       4.052278849543331e-05      7.1575692611807389e-05
10  22     28.083045973594572     31.065272856763272     -1.6153418517370038e-05      4.7058187349705129e-05
10  24                     30     33.040765636052242     -2.0705357406298363e-05      3.6447225838187844e-05
10  26     31.928388277184119     35.019040677435868      1.1171281264070194e-05      6.8215160973334756e-05
10  28     33.866068747318508     36.999651702675337     -8.2885876849768525e-05      4.7576616190109171e-05
10  30     35.811388300841898     38.982242653170474     -5.8254621522763663e-05      2.8259722708920166e-05
10  32     37.763054614240211     40.966526072173131     -6.9754910841683134e-05      3.9535258020665577e-05
10  34     39.720045146669349     42.952267397349559     -2.3371683156419777e-05      4.8149338919603817e-05
10  36     41.681541692269406     44.939273366675565     -3.8847510694867108e-05       6.505986857431092e-05
10  38     43.646882704388503     46.927383337196346      -0.0001131305513210831      7.5621447481439435e-05
10  40       45.6155281280883     48.916462699458869     -9.5461992865466492e-05      5.6895149863684298e-05
10  42     47.587033144922898     50.906397821677864     -6.1205367607701638e-05      5.5513559172053281e-05
10  44     49.561028345356959     52.897092125468539      5.3995925252078234e-07      7.0687003526273656e-05
10  46     51.537204591879643     54.888463008920951      6.9911697983831515e-05       6.840658621506497e-05
10  48     53.515301344262525     56.880439411392217      9.6359364751149955e-05      5.2573313357348444e-05
10  50     55.495097567963924     58.872959869403871     -1.9377612693001922e-06       5.421437060898595e-05
10  52     57.476404589747453     60.865970952050176     -3.9483346179712644e-05      4.5731907033319485e-05
10  54     59.459060435491963     62.859425992345756     -6.1597710504117346e-05      3.7688245424273849e-05
10  56     61.442925306655781     64.853284051299752     -9.5150509782057681e-05       4.526304195275986e-05
10  58     63.427877939124322      66.84750906645624     -2.1983358857279934e-05      4.3353857857477766e-05
10  60     65.413812651491099     68.842069147733554     -2.5435102328450075e-05      7.1449249335361439e-05
12   2     13.082762530298218     13.768413829546708       0.0040783706131831783      8.3182045988473559e-05
12   4      14.32455532033676     15.592897061268189       0.0022006837354535021      6.5350862262930141e-05
12   6     15.708203932499369     17.455877467058457       0.0011904599824070806      9.4044173287982565e-05
12   8     17.211102550927979     19.346236779451765      0.00067053169887313616       8.310556263955292e-05
12  10     18.810249675906654     21.256671821060447      0.00033769321850071429       7.361712859508808e-05
12  12     20.485281374238568      23.18221983093764      0.00014293975929524888      4.7113860261488815e-05
12  14     22.219544457292887     25.119405559677787      7.4296650531629333e-05      6.4238158104848187e-05
12  16                     24     27.065730270089233      2.8888329044565553e-05      5.8264979900739459e-05
12  18      25.81665382639197     29.019355169177651     -3.7730957036250466e-05       7.924159146155887e-05
12  20     27.661903789690601     30.978899170508473      5.6288138128696063e-06       6.969461135260305e-05
12  22     29.529964086141668     32.943306045358952      -9.172208870252002e-05      5.2699179647487849e-05
12  24     31.416407864998739     34.911754934116914     -3.6194185808914627e-05      4.4924657133264984e-05
12  26     33.317821063276355     36.883598685072606     -4.2931085116419913e-05      4.4211239907598562e-05
12  28     35.231546211727817     38.858320490509399     -5.8029196613856309e-05      7.0120215445893032e-05
12  30      37.15549442140351     40.835502821990517     -5.9821183936741037e-05      6.7373848085873481e-05
12  32     39.088007490635064     42.814804800517877     -5.1265479559180111e-05      4.6852412118127843e-05
12  34     41.027756377319946     44.795945458133843     -2.0892187551334447e-05      4.9832075081829988e-05
12  36     42.973665961010276     46.778691183804561     -6.2240892867145549e-05      3.8934407198409611e-05
12  38     44.924858845171272     48.762846186942454     -5.3971633395603045e-05      3.1220663235431022e-05
12  40     46.880613017821105      50.74824516801602     -6.6103133663598067e-05      3.5978512489938799e-05
12  42     48.840329667841559     52.734747624452652     -1.1951644983090304e-05      5.6887359444206563e-05
12  44     50.803508501982762     54.722233382751909     -5.5124367055178599e-05      7.4699034122138841e-05
12  46     52.769728648009426     56.710599060299309      9.7961601952121462e-06      9.3664648048814159e-05
12  48     54.738633753705962     58.699755239350637      5.5443866043778166e-05      5.2193550846169534e-05
12  50     56.709920264364882      60.68962419179514     -4.0753561075359101e-05      3.9212713237606593e-05
12  52     58.683328128252668     62.680138033694362      -7.110229150934036e-05      6.2748457985729151e-05
12  54     60.658633371878665      64.67123721798302     -6.9958404386499394e-05      5.5564653896351005e-05
12  56      62.63564212655271     66.662869295330253     -0.00012144517625269389        5.91277078863434e-05
12  58     64.614185789921692     68.654987889212663     -0.00013518003564243314      6.9816949632038245e-05
12  60     66.594117081556703     70.647551843284646     -9.4434229051200496e-06      8.7572913724774155e-05
14   2     15.071067811865476     15.763801020436935       0.0018647257791840623      9.1824880252049955e-05
14   4     16.280109889280517     17.578249208150883       0.0010414197936518105      9.8294957701174323e-05
14   6     17.615773105863909       19.4291602452547      0.00056281457492701845      0.00010697495851252946
14   8     19.062257748298549      21.30703382565753      0.00024812369240233783      9.9626058037140507e-05
14  10     20.602325267042627     23.205325101356429      0.00015960379484342876       3.928060606671462e-05
14  12     22.219544457292887     25.119405559677787      4.8313531022439836e-05      5.0694188935103327e-05
14  14     23.899494936611667     27.045923136093911      6.9380806517706125e-05      5.3197291264785747e-05
14  16      25.63014581273465     28.982397776847733      4.8782228508779879e-05      5.1519123868894009e-05
14  18     27.401754250991381     30.926959170072916      -5.566640995192836e-05       6.949041125169489e-05
14  20     29.206555615733702     32.878172487522562      -7.977671341318049e-05      7.0392936470900689e-05
14  22     31.038404810405297     34.834919961601955     -9.9097044952379658e-05      5.1452459784729673e-05
14  24     32.892443989449802     36.796318719990765     -7.2857202997424978e-05      5.3311811912371676e-05
14  26     34.764823060233397     38.761662683056713     -8.8328988006139167e-05      6.8772255151845993e-05
14  28     36.652475842498532     40.730380756469728     -8.9856680064799872e-05      8.2127439915456488e-05
14  30     38.552945357246848     42.702006266438211     -4.4257769762763229e-05      6.3227813034497497e-05
14  32     40.464249196572979     44.676154286049027     -6.1103927607115796e-09      6.7013499400367323e-05
14  34     42.384776310850235     46.652504588744058     -1.4074088692906028e-05      7.9105628274000583e-05
14  36     44.313207915827967     48.630788673583261     -8.1909481902530336e-05      6.4136437759536191e-05
14  38     46.248456731316587     50.610779776907634     -9.8294659894782675e-05      5.8136260877267204e-05
14  40     48.189620100417088     52.592285101890859     -3.3817067491861924e-05      4.0919133722961441e-05
14  42     50.135943621178654     54.575139714438663     -7.7599758803057687e-06      7.1203592302409528e-05
14  44     52.086792761230392     56.559201704607084     -4.0786358915509318e-05      6.4939221920415891e-05
14  46     54.041630560342611     58.544348318811757     -5.2741908686020792e-05      7.2890918234309391e-05
14  48                     56     60.530472843736206     -6.6605785721136188e-05      4.4829689548014188e-05
14  50     57.961509971494337     62.517482077401475     -4.5890899161276302e-05      5.3678917425103724e-05
14  52      59.92582403567252     64.505294262642835      -2.988034412709483e-05       5.679741691152238e-05
14  54     61.892651361962706     66.493837387550968     -0.00010962278597424921      4.2617576942050594e-05
14  56     63.861739379323623     68.483047779242412     -7.7402210844699883e-05      6.4508109268092417e-05
14  58     65.832867780352601     70.472868933696233      -6.293414381690457e-05      7.6531244084345796e-05
14  60     67.805843601498722     72.463250536791804     -2.8675404307088916e-05      9.7720217363558826e-05
16   2     17.062257748298549     17.760225951327424      0.00080228400470535807      8.9543028155748532e-05
16   4     18.246211251235323     19.566585079783547      0.00041739367978168239      6.5390341183418156e-05
16   6     19.544003745317532     21.407402400258938      0.00018428266103194134      8.2372173035811757e-05
16   8     20.944271909999159     23.274503289411275      6.0734695239803097e-05      5.9808767973041084e-05
16  10     22.433981132056601     25.162037461442196     -2.0643520987230633e-05      5.3413818447780548e-05
16  12                     24     27.065730270089233      4.3675517895599782e-05      4.4193913508504615e-05
16  14      25.63014581273465     28.982397776847733      3.6097028170319542e-05        5.45848011059401e-05
16  16     27.313708498984759     30.909626441250186      4.2549282714280909e-05      5.3718514034535054e-05
16  18     29.041594578792296     32.845557273090023     -6.3207905904497674e-06      7.1662469563366359e-05
16  20     30.806248474865697     34.788737522681686     -3.5390026051121253e-05      6.2021789064526793e-05
16  22     32.601470508735446     36.738016879851372      2.3669874992207118e-06         4.3412166032382e-05
16  24     34.422205101855958     38.692473558903529     -1.6591928016797261e-06      3.2588520126093312e-05
16  26     36.264337522473745     40.651360812999272     -4.3269754744729471e-05      5.5672508212084895e-05
16  28     38.124515496597098     42.614067651315061     -9.4796277286921592e-05      6.7705800427077568e-05
16  30                     40     44.580089587539646     -1.3264284362098191e-05      8.2993849773242817e-05
16  32     41.888543819998318     46.549006578822556     -4.5501287585900762e-05      7.2418716121125382e-05
16  34     43.788294228055932     48.520466190232227     -4.7740448592654004e-05       6.962191824510337e-05
16  36     45.697715603592208     50.494170605721145     -3.2630141560041742e-05      8.6770659655435525e-05
16  38       47.6155281280883     52.469866504517412     -5.7596370565410275e-05      7.4028071232369114e-05
16  40     49.540659228538019     54.447337095987358     -3.1562863283039808e-05      6.4465855051069743e-05
16  42     51.472205054244228     56.426395797412802     -5.9068310615369679e-05       4.945262879199082e-05
16  44     53.409399821439251     58.406881174468552     -5.9769147769665512e-05      4.6779785397605507e-05
16  46     55.351591323771842     60.388652861035851     -6.8510517780419905e-05      6.6300468734682672e-05
16  48      57.29822128134704     62.371588245072758     -6.7435692754936444e-05      6.0063758977038916e-05
16  50     59.248809496813379     64.355579758519013     -6.0065554514319351e-05      4.5757275978205359e-05
16  52     61.202941017470891     66.340532647072607      -4.721765213492054e-05      7.2013357293433924e-05
16  54     63.160255680657443     68.326363123903434     -5.4447012591480107e-05      6.3462634803460784e-05
16  56     65.120439557122069     70.312996832603531     -0.00012239200974619089      4.2116117042689534e-05
16  58     67.083217912982647     72.300367560780202     -7.3601104573092457e-05      5.5510634122774915e-05
16  60     69.048349392520052     74.288416158012964     -7.1882764523788746e-05      4.9544321018995198e-05
18   2     19.055385138137417     19.757374042935957       0.0002616779404133605      0.00010462391171435511
18   4     20.219544457292887     21.557079072661004       0.0001173721162041002      6.2545778431908266e-05
18   6     21.486832980505138     23.389345591902281      2.3005303130316985e-06       5.657530918896346e-05
18   8     22.848857801796104     25.247085302860572     -6.1758374935161586e-05      7.5077012448389053e-05
18  10     24.295630140987001     27.125064891395155      -9.980510896926468e-05      5.4894962862820474e-05
18  12      25.81665382639197     29.019355169177651     -2.5023507030639941e-05      3.5745451396773846e-05
18  14     27.401754250991381     30.926959170072912      7.2917695156579293e-05      4.3289078666198452e-05
18  16     29.041594578792296     32.845557273090023      6.5140523266382755e-05      4.7151812050911645e-05
18  18     30.727922061357855     34.773329746406461      3.9873008170713667e-05      4.0741101229517656e-05
18  20      32.45362404707371     36.708831236158908      1.1313691372529742e-05      5.9660642419692111e-05
18  22     34.212670403551897     38.650900633714542      -3.727282609957011e-05       5.035851500030726e-05
18  24                     36      40.59859540513385     -9.9292712667111139e-07      5.5146198341168342e-05
18  26     37.811388300841898      42.55114308619963     -3.2009710950810631e-05      7.3552425284293719e-05
18  28     39.643316977093235     44.507904994671613     -3.9849665186222352e-05      8.4733089365888635e-05
18  30     41.492855684535897     46.468348755762712     -5.1677310764007535e-06      8.0813573028237911e-05
18  32     43.357559750685823     48.432027266672137      -8.477937856844727e-05      3.9514748595124022e-05
18  34      45.23538406167134      50.39856242227701     -9.2136463982278308e-06      5.6844543704503762e-05
18  36     47.124611797498105     52.367632401175371     -2.3175879020098068e-05      5.2539563864504201e-05
18  38     49.023796041628643     54.338961642426625     -1.0269217421670038e-05      5.3702812088786024e-05
18  40     50.931712199461309      56.31231287604507      2.1243311426009855e-05      4.4440264462463093e-05
18  42     52.847319317591726     58.287480735764099     -5.0528071466849509e-05      5.1905677474298949e-05
18  44     54.769728648009426      60.26428660155657     -2.4977658279187442e-07      4.2184675054933998e-05
18  46     56.698178070456933     62.242574405844032     -2.1795149737399909e-05       3.999321195746038e-05
18  48     58.632011235952589     64.222207200776822     -4.8483204139810202e-05      5.2292292684251679e-05
18  50     60.570660511172846     66.203064330980851     -7.1886468460182832e-05      5.6208429388260585e-05
18  52     62.513632984395208     68.185039091317293     -0.00010061245615469302      6.7596406723605229e-05
18  54     64.460498941515411     70.168036775706852     -0.00010624390711343154      4.3141305115866979e-05
18  56     66.410882339705481     72.151973043219186     -0.00010438594363494038      5.4587637060067064e-05
18  58     68.364452901377945      74.13677254306333     -7.5581203608769283e-05      3.2023143680901705e-05
18  60     70.320919526731643     76.122367752024033     -9.2743167302173149e-05      4.5598205584569191e-05
20   2      21.04987562112089     21.755046134236419      3.2439028474019521e-05       8.488416574021178e-05
20   4     22.198039027185569     23.549183947761549      4.5296265645960363e-05      4.1941214667150718e-05
20   6     23.440306508910552     25.374122584008013     -3.0571805170335735e-05      5.5169126828160272e-05
20   8     24.770329614269009     27.223668547993675     -9.3505571547239719e-05      6.1122824023044476e-05
20  10     26.180339887498949     29.093129111764096     -3.0934866626965488e-05      4.8801833097555645e-05
20  12     27.661903789690601     30.978899170508477      5.2823258103851333e-05      4.6565938302508023e-05
20  14     29.206555615733702     32.878172487522562      4.2703752775870116e-05      4.7655872653457156e-05
20  16     30.806248474865697     34.788737522681686      3.6444970031120396e-05      3.6840764674364261e-05
20  18      32.45362404707371     36.708831236158908      3.3297083681535974e-05      3.8770806804118092e-05
20  20     34.142135623730951     38.637033051562739      9.4883209026876926e-06      6.3182954548969523e-05
20  22     35.866068747318508     40.572186967555808     -4.6635651809519604e-05      7.5319671437754248e-05
20  24     37.620499351813308     42.513343642120901     -4.4088094781867944e-06      7.0613828871719724e-05
20  26      39.40121946685673     44.459716822487934      2.2867267077050108e-05      6.3060128034629078e-05
20  28     41.204650534085253     46.410650202712858     -2.1266186700869594e-05      6.7906028415223377e-05
20  30     43.027756377319946     48.365591948629415       4.787935635819142e-06      5.9634638183313682e-05
20  32     44.867962264113203     50.324074922884392     -3.1392409631820015e-05      5.5890913389220834e-05
20  34     46.723082923316021     52.285701192073887     -2.5031165286397766e-05      4.6941615976879519e-05
20  36     48.591260281974002      54.25012978279031     -1.9575392020028796e-05       3.199723361009571e-05
20  38     50.470910553583892     56.217066925910913      2.4828819844340318e-05      4.3662182457336135e-05
20  40     52.360679774997898     58.186258223528185      1.2178922299940179e-05      3.9853896243330255e-05
20  42      54.25940669922602     60.157482313988652     -4.9585629185950764e-05      5.2343134617223873e-05
20  44     56.166091947189145     62.130545713526544     -7.3084654140062803e-05      3.4598257911324272e-05
20  46     58.079872407968907     64.105278588922516     -8.4280049448169449e-05      2.0232923677520716e-05
20  48                     60     66.081531272104485      -8.314294198628975e-05      4.6355643270356218e-05
20  50      61.92582403567252     68.059171369984199     -7.7498585779138069e-05      3.8366704529514886e-05
20  52     63.856776554368238     70.038081354871736     -0.00017009029937644786      6.3530571765793142e-05
20  54     65.792360097775941     72.018156545237872     -0.00014532170427799995      4.9122827925277057e-05
20  56     67.732137494637016     73.999303405350673     -4.0079398666992871e-05      6.4209844971417455e-05
20  58     69.675723300355941     75.981438106815915     -5.4637081303932857e-05      5.3439241503004939e-05
20  60     71.622776601683796     77.964485306340947     -7.3919023805650087e-05      4.3102707600985972e-05
22   2     23.045361017187261     23.753110018122488      1.5713012981135332e-05      9.6415559089509651e-05
22   4     24.180339887498949     25.542522801517887      3.2788083742909991e-05      6.9306491321859123e-05
22   6     25.401754250991381     27.361116691375951     -1.2560636620450414e-05      5.0243954797562235e-05
22   8     26.704699910719626     29.203440587234276     -8.2411561805888954e-05       4.281240813419059e-05
22  10     28.083045973594572     31.065272856763276     -1.6653063785797283e-05      4.5444315437996125e-05
22  12     29.529964086141668     32.943306045358952      3.4578451459982604e-05      4.8021903243605459e-05
22  14     31.038404810405297     34.834919961601955      8.5707816345258791e-05      4.7379846490579293e-05
22  16     32.601470508735446     36.738016879851379      9.3598366028573303e-05      4.8338308508648102e-05
22  18     34.212670403551897     38.650900633714542     -1.7325635450410198e-05      3.4792020749431993e-05
22  20     35.866068747318508     40.572186967555808      5.2714757912435324e-05      5.8834531062662575e-05
22  22     37.556349186104043     42.500736356719003     -1.1201137385281238e-05      6.5802403988922899e-05
22  24     39.278820596099706     44.435603139783836      1.3575812675649233e-05      8.7870754247797557e-05
22  26     41.029386365926399     46.375996613866938      5.3567274311336169e-05      7.8671061985669574e-05
22  28     42.804493814764854     48.321250992316294     -6.2304841082400645e-05      6.8142148916697617e-05
22  30     44.601075237738272     50.270801992761754     -2.0657590272009384e-05      7.0134866654212265e-05
22  32     46.416487838947603     52.224168433097041     -7.4351674929986323e-05      6.8099445670573701e-05
22  34     48.248456731316587     54.180937644724459     -7.4774660463785228e-06      6.1749913541528741e-05
22  36     50.095023109728984     56.140753821039411     -4.0389113600809792e-05      7.1996398493719637e-05
22  38      51.95449840010015     58.103308641828491     -2.8899347981862688e-05       4.907096747569958e-05
22  40     53.825424421026653     60.068333676410667      -1.667199750332067e-06      3.2709946053036821e-05
22  42     55.706539182259391     62.035594187479518     -2.9998927451091877e-05      4.4854378553771061e-05
22  44     57.596747752497691     64.004884045880999     -0.00010710291568730107      4.9051627646020899e-05
22  46     59.495097567963924      65.97602153252123     -8.1584301602279565e-05      6.5470972391728439e-05
22  48     61.400757564888167     67.948845853279465     -1.6720367736919945e-05      4.1095482953021018e-05
22  50     63.313000567495322     69.923214230509771     -6.2065145890388904e-05      5.2651268963518891e-05
22  52     65.231188426986208     71.898999463544669      -8.733701298933863e-05       5.045476100392943e-05
22  54     67.154759474226495     73.876087872814622     -4.4462978878749355e-05      6.2215937465617097e-05
22  56     69.083217912982647     75.854377559405606      4.0289297795979906e-05      5.8979816753972674e-05
22  58     71.016124838541643     77.833776925303368     -5.9173074616429542e-05      5.5643220187112476e-05
22  60     72.953090617340919     79.814203410113151     -8.2136333349620369e-05      3.3022633463214023e-05
24   2     25.041594578792296     25.751474496876991      1.9479051027149544e-05      7.3226433055213752e-05
24   4     26.165525060596437     27.536827659093415     -2.9643483615149965e-05      3.5362886629926722e-05
24   6     27.369316876852981     29.349877619675322      1.2091539126020079e-05      5.2115207931936153e-05
24   8      28.64911064067352     31.185794122536379     -2.5328298580025025e-05      5.0126556273406394e-05
24  10                     30     33.040765636052242      1.2269792753599962e-05      8.2688914497413551e-05
24  12     31.416407864998739     34.911754934116914     -2.2985899515859308e-05      5.4576632454559949e-05
24  14     32.892443989449802     36.796318719990765      7.4020341458403847e-06       3.383712760773961e-05
24  16     34.422205101855958     38.692473558903529     -2.5425345702720442e-05      5.6331823972324439e-05
24  18                     36     40.598595405133842     -6.3246728697908028e-05       8.240812229920882e-05
24  20     37.620499351813308     42.513343642120894      5.0775055019350289e-05      7.5126350568076222e-05
24  22     39.278820596099706     44.435603139783836     -2.4133529721427642e-05       5.824528002689674e-05
24  24     40.970562748477136     46.364439661875281     -1.9227700376330005e-05      5.2615461022877423e-05
24  26     42.691806012954132     48.299065248956722     -6.0858715633362139e-05      6.8620032870127156e-05
24  28     44.439088914585774     50.238811119355574     -6.3769357926180372e-05      8.2913975414067588e-05
24  30     46.209372712298546     52.183106284022529     -3.3336983794959974e-05        7.01190335387124e-05
24  32                     48     54.131460540178466     -7.9696629610648926e-05      5.6553848322699365e-05
24  34     49.808652046684813     56.083450847609264     -1.1283861896529774e-05      5.0844999258207012e-05
24  36     51.633307652783941     58.038710338355301     -7.9674313924199959e-05      5.9277284461789527e-05
24  38     53.472205054244228     59.996919391772245     -3.9924624455707371e-05      4.9899130417556126e-05
24  40     55.323807579381203     61.957798341016947      9.3571577850013772e-05      2.4340945360284982e-05
24  42     57.186773244895647     63.921101476972595      6.7975362116565736e-05      6.1052631687296476e-05
24  44     59.059928172283335     65.886612090717904      1.4081981039799274e-05      7.9459412393972269e-05
24  46      60.94224354214569     67.854138352469263     -1.6212905271606023e-05       8.395716174560993e-05
24  48     62.832815729997478     69.823509868233828     -7.0306433285094951e-05      4.5264542246835194e-05
24  50     64.730849247724095     71.794574788647168     -2.8053455591801427e-05       5.631917028808367e-05
24  52      66.63564212655271     73.767197370145212     -4.4760056908791839e-05      5.7293072129612581e-05
24  54     68.546573405388315     75.741255908581721     -2.9666318025930149e-05       8.831211505109142e-05
24  56     70.463092423455635     77.716640981018799       3.068234303861281e-05      6.8315923711257832e-05
24  58     72.384709652950434     79.693253943705145       2.334961141231844e-06      6.6641254340963764e-05
24  60     74.310988842807021     81.671005643981033      2.0150492326600052e-05      5.0700773521734586e-05
26   2     27.038404810405297     27.750074630414634      0.00014379437972757061      6.8458531154434184e-05
26   4     28.152946437965905      29.53190281690571      0.00011299254916107965      7.2618014686082457e-05
26   6     29.341664064126334     31.340069016847185      7.8533758539930671e-05      4.9614837806099788e-05
26   8     30.601470508735446     33.170266323536303     -1.6531468366201471e-06      5.5594894106691988e-05
26  10     31.928388277184119     35.019040677435868      3.6215534711449568e-05      6.5629003853609344e-05
26  12     33.317821063276355     36.883598685072606     -8.2304315741393063e-05      6.2379457670771487e-05
26  14     34.764823060233397     38.761662683056713     -9.0166519311410542e-05      4.8296261125642119e-05
26  16     36.264337522473745     40.651360812999272     -6.6630984578590523e-05      7.9056470430555767e-05
26  18     37.811388300841898      42.55114308619963     -8.1545803635288015e-05        8.17624689087761e-05
26  20      39.40121946685673     44.459716822487934     -2.2151072248940146e-05      5.0534063815884889e-05
26  22     41.029386365926399     46.375996613866938     -9.8384634950699541e-06      4.2927008472274271e-05
26  24     42.691806012954132     48.299065248956722     -7.9509527006889314e-05      5.9253169798209384e-05
26  26     44.384776310850235     50.228142967031559     -4.7364628865486861e-05      7.5759397901046087e-05
26  28     46.104973174542799     52.162563088005385     -4.2995232265500132e-05      6.8864788248537118e-05
26  30     47.849433241279208     54.101752558523685      3.0476717449799881e-05      4.4912326739244621e-05
26  32       49.6155281280883     56.045216315911439      2.8557332863000219e-06      6.0859147115598093e-05
26  34     51.400934559032692     57.992524638015951      3.1987068405694058e-06      4.5553539100239956e-05
26  36     53.203603311174518     59.943302844308377     -8.1181911276907081e-06      7.4575786464144822e-05
26  38     55.021728866442672     61.897222860787956      3.0651084584834441e-06      7.8791034521252608e-05
26  40     56.853720883753127     63.853996271741927      1.8963916286589929e-05       4.377488571137034e-05
26  42     58.698178070456933     65.813368564944426      1.8267002762917058e-05      6.9364455885579838e-05
26  44     60.553864678361279      67.77511434043322       2.797513871666015e-05      9.1243937095412302e-05
26  46     62.419689627245816     69.739033301676741      5.1513952489710151e-05      8.1121597634201958e-05
26  48     64.294688127912366     71.704946885455243       2.257020703651627e-05      6.6036951201830669e-05
26  50     66.178005607210736     73.672695415869924      3.2447431585381524e-05      4.3441480361711237e-05
26  52     68.068883707497264     75.642135690586642       2.278928082007113e-05      5.0734022148336583e-05
26  54     69.966648127543394     77.613138925227759     -5.3697720836530227e-05      7.8849414866202159e-05
26  56     71.870698080866262     79.585588995874659      9.1221519229511955e-06      6.5160206684154186e-05
26  58     73.780497164141408     81.559380930790951     -2.4882385709202875e-05      4.7553343339724629e-05
26  60     75.695565448543633     83.534419611364086      2.0943434387519586e-05      4.4466533339207682e-05
28   2     29.035668847618197     29.748862923208627      0.00011076629189638817      0.00010886408041482764
28   4     30.142135623730951      31.52760204087387      0.00014014998578308865      7.8407059386602511e-05
28   6     31.317821063276355     33.331434647665127      1.3221618875450182e-05      7.0569007129270557e-05
28   8     32.560219778561034     35.156498416301766      7.9142624596529169e-05      5.3210984958494791e-05
28  10     33.866068747318508      36.99965170267533     -3.1397778096710135e-05      6.4661395421665487e-05
28  12     35.231546211727817     38.858320490509399     -3.9940876554290619e-05      7.1790823858748301e-05
28  14     36.652475842498532     40.730380756469728     -8.7297127831491907e-05       4.744758926434156e-05
28  16     38.124515496597098     42.614067651315061     -3.5078898169135886e-05      6.2236573068273355e-05
28  18     39.643316977093235     44.507904994671613     -1.9612529276460392e-05       7.541364660762899e-05
28  20     41.204650534085253     46.410650202712858      8.6575253961043592e-07      4.2850585218896764e-05
28  22     42.804493814764854     48.321250992316294      1.5636899328691877e-05      4.5128855245448015e-05
28  24     44.439088914585774     50.238811119355574      3.9176246731033132e-05       6.626987627516949e-05
28  26     46.104973174542799     52.162563088005392     -5.1465342738060151e-05      5.3463543241018256e-05
28  28     47.798989873223334     54.091846272187823     -6.4147902300570002e-05      4.9488055479322319e-05
28  30     49.518284528683196      56.02608926525086      3.1184385271310506e-05      6.2181800989174069e-05
28  32       51.2602916254693     57.964795553695467      5.4095565581189809e-05      4.9520634058046173e-05
28  34     53.022715545545239     59.907531820344353      6.7446382073516574e-05      5.2595566712887068e-05
28  36     54.803508501982762     61.853918340145832      9.0160110929060172e-05      6.3785818542485732e-05
28  38      56.60084744241189     63.803621051263896      0.00010193869432592276      6.8879575893545297e-05
28  40     58.413111231467404     65.756344975045124       4.389688381210018e-05      6.4051475478418317e-05
28  42     60.238858928247922     67.711828728081173      8.8894353596202628e-06      5.8981132906747629e-05
28  44     62.076809620810593     69.669839923203909      3.8979265570540135e-05       5.313263237599298e-05
28  46      63.92582403567252     71.630171297775874      4.6609619252474745e-05      7.8334671818485296e-05
28  48     65.784887978899604      73.59263743998153      9.1254853572003041e-05      4.9300741707904526e-05
28  50     67.653097563788805     75.557072009153643      4.1876039080289979e-05      5.0015941358612515e-05
28  52     69.529646120466793     77.523325366113426      6.0914896296623075e-05      4.6484808232138488e-05
28  54     71.413812651491099     79.491262545289487     -3.3140050649789539e-07      2.6549306611572347e-05
28  56     73.304951684997064     81.460761512939456     -2.7194578166210452e-05      3.4878978966638325e-05
28  58     75.202484376209242      83.43171166583997      7.0176036733379861e-05      3.8703405347553325e-05
28  60     77.105890714493697     85.404012532876422      5.3665250940977167e-05      4.6349831767142419e-05
30   2      31.03329637837291     31.747803836708655      2.7153987763380094e-05      9.4225509053481334e-05
30   4     32.132745950421558     33.523813877723775      6.3434361995399303e-05      9.3850723287915405e-05
30   6     33.297058540778352     35.323775921642323      1.0630093159404339e-05      8.0282062142844515e-05
30   8     34.524174696260026     37.144208079006482      4.4923987295230078e-05      4.8760869448155223e-05
30  10     35.811388300841898     38.982242653170474     -3.0829479525539603e-05      8.7367118683357594e-05
30  12      37.15549442140351     40.835502821990517     -6.8944832154614147e-05      8.5827359540164693e-05
30  14     38.552945357246848     42.702006266438211     -8.4101213445998967e-05      5.3071728116688138e-05
30  16                     40     44.580089587539646      6.2737127956390146e-05      5.6762613316096948e-05
30  18     41.492855684535897     46.468348755762712     -3.0343803961950555e-05      3.5344777087585847e-05
30  20     43.027756377319946     48.365591948629415      3.3626489455909592e-05       3.417487465495077e-05
30  22     44.601075237738272     50.270801992761754      5.4917505924629586e-05       4.334415576232264e-05
30  24     46.209372712298546     52.183106284022529      2.6078465746964778e-05      4.1659306654263304e-05
30  26     47.849433241279208     54.101752558523685       5.179278044135505e-05      4.7164135701921384e-05
30  28     49.518284528683196      56.02608926525086     -1.1819316457800348e-05      6.5789765514806794e-05
30  30     51.213203435596427     57.955549577344094     -1.3713045622749996e-05      4.8070418514105762e-05
30  32     52.931712199461309     59.889638296337395      5.9323057942752343e-05      4.5574693921750784e-05
30  34     54.671568097509265     61.827921069046582      8.3985899088382591e-05      6.5771814883524893e-05
30  36     56.430749027719962     63.770015463181338      0.00011446943246908808      6.5162308970774676e-05
30  38     58.207436873820413     65.715583544761444      9.9538684389679363e-05       7.619887881063874e-05
30  40                     60     67.664325675223068      8.3780848447497495e-06       4.697705971426164e-05
30  42     61.806975801127876     69.615975304069295      -2.511306439846972e-05      6.7812636305500783e-05
30  44       63.6270539113887      71.57029457806442     -8.5533890490070024e-05      7.0234312533442857e-05
30  46     65.459060435491963     73.527070623308873     -1.4720259067460618e-05       7.422126325857929e-05
30  48     67.301943396169804     75.486112384326589      8.7011058002751281e-05      8.8557870498317661e-05
30  50     69.154759474226495     77.447247926271174      6.7906319854881943e-05      7.4318244864938739e-05
30  52     71.016662039607269     79.410322123811142       0.0001312408175805285      5.9096310812915225e-05
30  54     72.886890422961002     81.375194674185451     -1.1142102845959916e-05      5.7406430924282903e-05
30  56      74.76476034853718      83.34173838309178      2.8643820815252213e-05      4.1747695075720747e-05
30  58     76.649655434629011     85.309837681066114      4.3462542422624163e-05      4.3234207626311881e-05
30  60     78.541019662496836     87.279387335292284      2.7645004212627423e-05      2.9802547611135888e-05
32   2     33.031219541881399     33.746870250208509      3.0654235539295298e-06      0.00010074734278966656
32   4     34.124515496597098     35.520451902654848      7.5039467393873819e-05      7.3829784987657518e-05
32   6     35.278820596099706     37.316936571123101      9.9062696855584421e-05      5.3617860421043223e-05
32   8     36.492422502470646     39.133170159567094      5.4655115734070403e-05      6.0499833505529609e-05
32  10     37.763054614240211     40.966526072173131      2.3833250247205116e-05      6.4215104601569791e-05
32  12     39.088007490635064     42.814804800517877     -6.3028055135969812e-05      7.5076130056237438e-05
32  14     40.464249196572979     44.676154286049027     -7.1406942922004461e-05      5.2120207319710176e-05
32  16     41.888543819998318     46.549006578822549     -5.3288502382620451e-05      5.6567034697544726e-05
32  18     43.357559750685823     48.432027266672137     -9.0372084095862077e-05      5.0178647976580785e-05
32  20     44.867962264113203     50.324074922884392     -9.0087570444488649e-05      5.2501530529195497e-05
32  22     46.416487838947603     52.224168433097041      4.4468247936445282e-05      2.8797742627404255e-05
32  24                     48     54.131460540178466       1.499309338096887e-05      3.8840180425377459e-05
32  26       49.6155281280883     56.045216315911439       2.755282089468985e-05      5.7773479958750278e-05
32  28       51.2602916254693     57.964795553695467      1.2472768777430489e-05      5.7043882607273816e-05
32  30     52.931712199461309     59.889638296337395     -4.6989715603689532e-05       5.317830992454394e-05
32  32     54.627416997969519     61.819252882500372      5.5276843330509705e-05      5.2556201734923569e-05
32  34     56.345235059857501     63.753206026324186      6.2394079953750136e-05      6.3578586133977637e-05
32  36     58.083189157584592     65.691114546180046      0.00011933712041654255      6.6361001164728575e-05
32  38     59.839484696748443     67.632638437397631      3.9961635997349389e-05      6.2005568848036899e-05
32  40     61.612496949731394     69.577475045363371     -4.5518935005044614e-05      8.0659957576673094e-05
32  42     63.400757564888167     71.525354143636164     -6.1566082544409296e-05      7.9277107053565428e-05
32  44     65.202941017470891     73.476033759702744     -5.5774842204909604e-05      8.2694165476506078e-05
32  46     67.017851452243804      75.42929662101713      1.4285687031869356e-05      7.1215578087842612e-05
32  48     68.844410203711917     77.384947117807059      4.0138835738431579e-05      9.1979372523266732e-05
32  50     70.681644159311659     79.342808698143557      5.8653008077818337e-05      5.7642476292805233e-05
32  52     72.528675044947491     81.302721625998544      0.00010078544561998495      7.7247281454389933e-05
32  54     74.384709652950434     83.264541045267407      5.2444925245596971e-05        3.04611244402943e-05
32  56     76.249030993194197     85.228135302630122      6.1829077287902519e-06      6.0133957547393944e-05
32  58     78.120990323358399     87.193384490154045      2.4948821539257188e-05      6.3549639386803645e-05
32  60                     80     89.160179175079293      7.5091947756060525e-05      5.0777199350061644e-05
34   2     35.029386365926399     35.746041108277765      5.3021640168639994e-05      0.00012316106391987126
34   4      36.11724276862369     37.517448071922047      5.4780975637169741e-05      8.2901664859749257e-05
34   6     37.262676501632072     39.310791962819209      2.8031289061304755e-05       3.969770024235013e-05
34   8     38.464249196572979     41.123202935310552      7.8068890252863113e-05      5.5755329628730836e-05
34  10     39.720045146669349     42.952267397349559     -5.0077241982300424e-05      4.4866683104965673e-05
34  12     41.027756377319946     44.795945458133843     -0.00011043876187874574      6.7547624409659539e-05
34  14     42.384776310850235     46.652504588744065      -8.700235456264295e-05      5.4024550671903038e-05
34  16     43.788294228055932     48.520466190232227     -6.9123167306719255e-05        5.39462124392869e-05
34  18      45.23538406167134     50.398562422277017     -8.4393340426971474e-05      7.0667657952899838e-05
34  20     46.723082923316021     52.285701192073887     -5.9609639040949577e-05      5.6445052498845446e-05
34  22     48.248456731316587     54.180937644724459       5.094003233440563e-05      4.6096137578954075e-05
34  24     49.808652046684813     56.083450847609264      1.0377740783996425e-05      5.5309105709950276e-05
34  26     51.400934559032692     57.992524638015951     -1.6457943637260211e-05      4.7130209519330702e-05
34  28     53.022715545545239     59.907531820344353     -4.9500495873903158e-06       6.251444814500352e-05
34  30     54.671568097509265     61.827921069046596     -4.6971409321401028e-06       7.710927130335841e-05
34  32     56.345235059857501     63.753206026324186      3.6950505862140246e-05      4.7786520661993052e-05
34  34     58.041630560342611     65.682956187656643      9.5416996131763524e-05      4.5341548748661405e-05
34  36     59.758836806279895     67.616789249891966      6.8510563821453155e-05      6.6808817372817896e-05
34  38     61.495097567963924     69.554364660882271     -7.1684952793571391e-06      6.7366089065419745e-05
34  40     63.248809496813379     71.495378160365533      5.5650409766100853e-06      9.1884173654657917e-05
34  42     65.018512172212596     73.439557141967811     -4.5571763215600482e-05      9.7545506871426615e-05
34  44     66.802877548915689     75.386656698138836     -0.00011434446118966227      8.7981146888349001e-05
34  46     68.600699292150182     77.336456235321023     -2.9473714055749751e-05      4.6265198255918632e-05
34  48     70.410882339705481     79.288756567072028      8.8425112057320042e-05      4.4975534441566769e-05
34  50     72.232432915661946      81.24337740928236      0.00012771474913494032      3.9179748330827073e-05
34  52     74.064449134018133     83.200155214889918        0.000128720369603841      5.8654220340306708e-05
34  54     75.906112267087636     85.158941296240044      4.8209822542959524e-05      6.5722902989781248e-05
34  56      77.75667870831839      87.11960019198402      9.9545797328802317e-06      8.4444224125343887e-05
34  58      79.61547262794322     89.082008242550444      6.3934988713035056e-05      5.1911648262976412e-05
34  60      81.48187929913334     91.046052344077552       1.989746292699096e-05      5.2147176557719664e-05
36   2     37.027756377319946     37.745299815274471      8.3975885671794999e-05      8.6194095344244444e-05
36   4     38.110770276274835     39.514748085871915     -2.2720622920611085e-05      7.7199416902827911e-05
36   6     39.248287590894662     41.305241488640128     -5.6192596009690095e-05      5.0648637835610684e-05
36   8     40.439088914585774     43.114158145322008      3.0537599084811113e-05      6.1192093130433466e-05
36  10     41.681541692269406     44.939273366675572      1.0761289755210284e-05      4.7921747461148197e-05
36  12     42.973665961010276     46.778691183804561     -4.7409505963004105e-05      6.3958286726224428e-05
36  14     44.313207915827967     48.630788673583268     -2.8368825116480309e-05      4.5804000271129992e-05
36  16     45.697715603592208     50.494170605721145     -7.4529567461396639e-06      7.1549782541133173e-05
36  18     47.124611797498105     52.367632401175371      9.1044924799900868e-06      6.8134090411855989e-05
36  20     48.591260281974002      54.25012978279031      5.8375786817158461e-05      3.1092930078241122e-05
36  22     50.095023109728984     56.140753821039411      0.00010656375367982881      4.4641767447130688e-05
36  24     51.633307652783941     58.038710338355301      1.8327870100889436e-05      6.5918644517740151e-05
36  26     53.203603311174518     59.943302844308377      3.8719858358719314e-05      5.7303597129697512e-05
36  28     54.803508501982762     61.853918340145825      6.1418816101390527e-05      7.4330627625343978e-05
36  30     56.430749027719962     63.770015463181345       7.882811159135043e-06      6.3272422149863867e-05
36  32     58.083189157584592     65.691114546180046     -1.9860156066909478e-06      6.8431810688352517e-05
36  34     59.758836806279895     67.616789249891966      4.3305498868168834e-05      7.2979186869933204e-05
36  36      61.45584412271571     69.546659492812921      1.0159834298689845e-05      6.3958811853727609e-05
36  38     63.172504656604801     71.480385454712149     -5.2540077780063784e-05      4.8869667089610171e-05
36  40      64.90724809414742     73.417662472317815     -6.6009288682058968e-05      7.2983441112606649e-05
36  42     66.658633371878665     75.358216679033376      -1.330927351573987e-05         6.6541883825699e-05
36  44     68.425340807103794     77.301801267429084     -1.2785904997940127e-05      5.0543141079986188e-05
36  46     70.206163733020475     79.248193274888365      1.1827671792998685e-06      4.6634646092525659e-05
36  48                     72     81.197190810267699      2.2249367631092906e-05      4.7903738987075924e-05
36  50     73.805843601498722     83.148610653600088      3.3805528092759557e-05      3.4147635965122663e-05
36  52     75.622776601683796     85.102286172399261      5.3701625513882091e-05      3.7062147888336124e-05
36  54     77.449961479175897     87.058065507532945       5.654090871575882e-05      4.3384942422600398e-05
36  56      79.28663395418647     89.015809989343225      3.7926191662009325e-05      6.0376845358342212e-05
36  58     81.132096331752024     90.975392751028096      7.9334745713743031e-05      5.1415811708954915e-05
36  60     82.985711369071794     92.936697511525423     -1.7523691696179661e-05      5.8702775771338222e-05
38   2      39.02629759044045     39.744633114110314      1.5398301716149983e-05      7.5603954384594318e-05
38   4     40.104973174542799     41.512308087487369     -7.8610930074501706e-06      6.2116541931924683e-05
38   6      41.23538406167134     43.300203049474305     -0.00010996137016655016      4.4603681247551419e-05
38   8     42.416487838947603     45.105913642236956      6.1871395410802833e-06      5.7563254269392858e-05
38  10     43.646882704388503     46.927383337196346      4.6681638362319564e-05      4.8001652564975929e-05
38  12     44.924858845171272     48.762846186942447      2.1746258162440063e-05      6.9629492252138133e-05
38  14     46.248456731316587     50.610779776907634      1.2219210209890252e-05      5.2788070442732807e-05
38  16       47.6155281280883     52.469866504517412     -2.9004837792164208e-05      7.1290789771033297e-05
38  18     49.023796041628643     54.338961642426632     -2.5219538765309452e-05      6.8675736292272434e-05
38  20     50.470910553583892     56.217066925910913      5.9236061048589015e-05       5.541149533629458e-05
38  22      51.95449840010015     58.103308641828491      4.9515222950000675e-05      6.4132708103312641e-05
38  24     53.472205054244228     59.996919391772245      1.7987809506270517e-05       4.546980197007733e-05
38  26     55.021728866442672     61.897222860787956      3.0855727041770241e-05      5.6621186687713776e-05
38  28      56.60084744241189     63.803621051263896      4.4907410192900326e-05       4.881624103541148e-05
38  30     58.207436873820413     65.715583544761429     -4.1805292838748669e-06      3.1224452555438712e-05
38  32     59.839484696748443     67.632638437397631     -5.7106390080549986e-05      4.7894633402359858e-05
38  34     61.495097567963924     69.554364660882271     -5.2657622755700457e-05      4.7856414036712485e-05
38  36     63.172504656604801     71.480385454712149      8.8271685791996673e-06      4.1681057359980504e-05
38  38      64.87005768508881     73.410362797969185     -6.1931287845647492e-05      3.7564764520328685e-05
38  40     66.586228448267448       75.3439926437715     -3.4074271728896124e-05      7.0667267192584646e-05
38  42     68.319604517012593      77.28100082736978     -7.3660649544366654e-05      7.9696092716223063e-05
38  44     70.068883707497264     79.221139541508506     -7.2949961520590818e-05      7.8978551712303625e-05
38  46     71.832867780352601     81.164184291043043     -6.6494387386498927e-05      5.9413872832708611e-05
38  48     73.610455730027937     83.109931253765524     -1.6235680912699446e-07      3.7578895846498131e-05
38  50     75.400636936215164     85.058194986614126      7.7845071445467392e-05       3.249846190540207e-05
38  52     77.202484376209242     87.008806426453759      8.8669709581670766e-05      3.2139947120140825e-05
38  54     79.015148038438355     88.961611142848227     -2.7960797474900637e-06      4.0081323377323547e-05
38  56     80.837848631377256     90.916467807029164      2.4043714117639117e-05      4.0929929346444453e-05
38  58     82.669871646719429     92.873246846881614      8.1179430206793234e-05      6.9553979079351125e-05
38  60     84.510561809129399      94.83182926242138      6.4141548833550406e-05      6.2493710542910452e-05
40   2     41.024984394500791     41.744030287042364      7.7049787742798082e-06      6.5680073823127659e-05
40   4      42.09975124224178     43.510092268472839     -2.6132938812331368e-05      7.1096950889803975e-05
40   6     43.223748416156681     45.295608990458781     -3.1689388707369136e-05      6.4831917587830279e-05
40   8     44.396078054371138     47.098367895523097      2.6823650396170203e-05      6.6121709482559019e-05
40  10       45.6155281280883     48.916462699458869      6.5878631209237881e-05       6.016690029199479e-05
40  12     46.880613017821105     50.748245168016027      4.6480262370359842e-05      5.1070458896713344e-05
40  14     48.189620100417088     52.592285101890852       4.135803348013016e-05      3.3011140802409262e-05
40  16     49.540659228538019     54.447337095987351      1.5649009432549945e-05      5.9846864435277532e-05
40  18     50.931712199461309      56.31231287604507     -1.1908976096947217e-05      5.8064181209830092e-05
40  20     52.360679774997898     58.186258223528192      2.6377000047102051e-06       5.979728360756042e-05
40  22     53.825424421026653     60.068333676410667      5.1032074385698693e-05      5.8575207474423432e-05
40  24     55.323807579381203     61.957798341016954      5.1465367846869687e-05      4.1643519194692394e-05
40  26     56.853720883753127     63.853996271741927     -3.4740946816440174e-05      6.1448534190881144e-05
40  28     58.413111231467404     65.756344975045124     -3.9650487513659997e-05      5.4716592031514588e-05
40  30                     60     67.664325675223068      -2.228605986833042e-05      4.2224343640973852e-05
40  32     61.612496949731394     69.577475045363371     -9.6270430685427573e-05      4.0204544171559982e-05
40  34     63.248809496813379     71.495378160365533     -0.00011072116868679874      3.1127075235960923e-05
40  36      64.90724809414742     73.417662472317815     -7.5857914051004634e-05      2.8889923417836137e-05
40  38     66.586228448267448       75.3439926437715     -0.00010598964176975727      4.1996327827119315e-05
40  40     68.284271247461902     77.274066103125477     -9.8418583590659662e-05      6.3629035469694222e-05
40  42                     70     79.207609209694709     -0.00010475985161060775      7.7024655030151837e-05
40  44     71.732137494637016     81.144373935111616     -0.00015941854548566847      4.8257688434030285e-05
40  46     73.479501308256346     83.084134983321178     -0.00013153965100174458      7.9923651642316686e-05
40  48     75.240998703626616     85.026687284241802     -2.8336880999670241e-05      6.5828122025305761e-05
40  50     77.015621187164243     86.971843806704214      1.3363243257030366e-05      6.3071016131223872e-05
40  52     78.802438933713461     88.919433644975868      3.0377613960709754e-05      5.0008001033006112e-05
40  54     80.600595232822883     90.869300340372234     -2.2504771217369917e-05      3.9902954827832772e-05
40  56     82.409301068170507     92.821300405425717      7.4008700309518397e-05        4.66268867240328e-05
40  58     84.227829907617064      94.77530202304709       5.041120618831523e-05      5.5297525468145249e-05
40  60     86.055512754639892      96.73118389725883      7.8985249282513336e-05       5.006599067792424e-05
42   2     43.023796041628643     43.743482575531019     -6.1543264574439888e-05      5.5946737731622505e-05
42   4     44.095023109728984     45.508071104712521       7.994785124743251e-06      5.9691468006709438e-05
42   6     45.213203435596427     47.291403061310803      5.7925151220670316e-05      5.7989871382674374e-05
42   8     46.377558326431952     49.091435824827357      5.1203634111073367e-05      5.6316727473712171e-05
42  10     47.587033144922898     50.906397821677864      6.7770067980351922e-05      6.1239214412761825e-05
42  12     48.840329667841559     52.734747624452652      4.4356165936409931e-05      6.1857819355001247e-05
42  14     50.135943621178654     54.575139714438663      -2.944717380213948e-05      4.3452247162232836e-05
42  16     51.472205054244228     56.426395797412809     -6.3416924926885879e-06      4.0073108240097082e-05
42  18     52.847319317591726     58.287480735764106     -3.3892070338830328e-05      5.8886249704298124e-05
42  20      54.25940669922602     60.157482313988652      7.8270781358202828e-06      5.4013134238196682e-05
42  22     55.706539182259391     62.035594187479518      9.0252636319054444e-05      4.8359744834200911e-05
42  24     57.186773244895647     63.921101476972595      5.4067812963292702e-05      6.6957785540870961e-05
42  26     58.698178070456933     65.813368564944426      1.5218355339230607e-05      4.8446209344653114e-05
42  28     60.238858928247922     67.711828728081173     -1.1581602535440105e-05      6.7450609023034816e-05
42  30     61.806975801127876     69.615975304069295     -6.9957829173759121e-05      5.5633549770513877e-05
42  32     63.400757564888167     71.525354143636164     -0.00013299000068362588      4.1702182134557973e-05
42  34     65.018512172212596     73.439557141967825       -0.000182542356131999       3.605266393252277e-05
42  36     66.658633371878665     75.358216679033362     -9.9168652166834747e-05       5.113228234000392e-05
42  38     68.319604517012593      77.28100082736978     -0.00010989814421850836      5.8121392488452249e-05
42  40                     70     79.207609209694709     -0.00010832079719437272      5.1367992660063128e-05
42  42     71.698484809834994     81.137769408281727      -7.770332392956027e-05      5.6221858716421093e-05
42  44     73.413812651491099     83.071233844136941     -0.00013859792213673203      7.3329174308318161e-05
42  46     75.144823004794873     85.007777057296778     -5.6634384663060126e-05       6.059068810214105e-05
42  48     76.890437438203946       86.9471933305432      2.0026395657869827e-05      3.9903187979612833e-05
42  50     78.649655434629011     88.889294607925891      3.5349631138912898e-05      4.8476988118879411e-05
42  52     80.421549934136806     90.833908667030443      1.1712087300759897e-05      4.0002975966633689e-05
42  54     82.205262752974136     92.780877510218744      3.0645078749380513e-05      4.8044714013527126e-05
42  56                     84     94.730055945312301      4.2350041984949337e-05      3.2432426639315318e-05
42  58     85.805027579936308     96.681310330579322      1.5666686528718899e-05      4.5527051624423066e-05
42  60     87.619666847201103     98.634517462567686     -2.5747853777679647e-05      4.3191288043383206e-05
44   2     45.022715545545239     45.742982752178079     -5.9526527007690667e-05      5.5691637232664279e-05
44   4     46.090722034374522     47.506220036244976      1.1089689557919647e-05      5.9212718488734649e-05
44   6     47.203603311174518     49.287538112571454     -5.6114706933560029e-05      6.8474706325168759e-05
44   8     48.360679774997898     51.085045603035773      7.4163103777902304e-06      5.9022974808555557e-05
44  10     49.561028345356959     52.897092125468539      2.5302503010559826e-05      7.1447887194489188e-05
44  12     50.803508501982762     54.722233382751902     -5.8263504690911568e-05      6.2721004412453758e-05
44  14     52.086792761230392     56.559201704607084     -1.0639150569170519e-05      4.5294682686312473e-05
44  16     53.409399821439251     58.406881174468552      -6.728847454620963e-05      5.7623020064425551e-05
44  18     54.769728648009426      60.26428660155657      -1.495504630726363e-05      5.2235367639320459e-05
44  20     56.166091947189145     62.130545713526551     -2.1892998372621011e-05      5.6007070038361193e-05
44  22     57.596747752497691     64.004884045881013      6.5863462660320296e-05      5.8661697786394129e-05
44  24     59.059928172283335     65.886612090717904      6.7687122474110136e-05      6.9983186429081683e-05
44  26     60.553864678361279      67.77511434043322       2.377968172851732e-05      6.8384594179865887e-05
44  28     62.076809620810593     69.669839923203909      1.6296710827979619e-05      3.4488960010529147e-05
44  30       63.6270539113887     71.570294578064434      2.2491765324940237e-05      6.4735588231736401e-05
44  32     65.202941017470891     73.476033759702759     -5.0059767883949931e-05      2.3008219640471742e-05
44  34     66.802877548915689     75.386656698138836     -0.00013559768778235499      4.4370237665194617e-05
44  36     68.425340807103794     77.301801267429084     -8.8498983247680749e-05      5.0943047881844238e-05
44  38     70.068883707497264     79.221139541508506     -8.7501614842589617e-05      7.1374575297524555e-05
44  40     71.732137494637016     81.144373935111616     -6.6147290671066591e-05      5.9173228126994811e-05
44  42     73.413812651491099     83.071233844136941      3.3115508174279604e-05      8.1878716924442817e-05
44  44     75.112698372208087     85.001472713438005      6.4407543549953768e-06      6.3211515247330562e-05
44  46     76.827660925679098     86.934865471336678     -7.1567036903438505e-06      3.8123883007933998e-05
44  48     78.557641192199412     88.871206279567673      8.9755716874597889e-05      6.5873689568778649e-05
44  50     80.301651610693426     90.810306555211724      7.3259985739330369e-05      5.2320952472243546e-05
44  52     82.058772731852798     92.751993227733877      2.0362189099586788e-05      4.1319306756569062e-05
44  54     83.828149534535996      94.69610719973474     -2.3838293664718907e-05      5.2841735026508216e-05
44  56     85.608987629529707     96.642501984632588     -2.0518374437609928e-05       4.288057294529806e-05
44  58     87.400549446402593     98.591042498371905     -3.9327644640901774e-06      6.2273887587740195e-05
44  60     89.202150475476543     100.54160398552351     -9.6609819746320692e-05      3.2783009700597233e-05
46   2     47.021728866442672     47.742524800185599     -3.7833503391133717e-05      8.4261915789993154e-05
46   4     48.086792761230392     49.504518466425601     -3.6047217968349955e-05      9.6513620870841354e-05
46   6     49.194827009486403     51.283974328136949     -1.0911658006910213e-05      8.9005306987876084e-05
46   8     50.345235059857501     53.079136175952861     -5.8291928664081969e-05      7.0610350952159156e-05
46  10     51.537204591879643     54.888463008920944     -2.2128343671350434e-05       5.974975785469307e-05
46  12     52.769728648009426     56.710599060299309     -2.4113407407899908e-05       5.264726729797832e-05
46  14     54.041630560342611     58.544348318811764     -6.0290582752054329e-05      5.1193358740196629e-05
46  16     55.351591323771842     60.388652861035844     -0.00011901536681505912      5.9350363538407967e-05
46  18     56.698178070456933     62.242574405844032     -3.2864198258780021e-05      6.2345152761093746e-05
46  20     58.079872407968907     64.105278588922516      -3.807644437162317e-05      4.4319882570121553e-05
46  22     59.495097567963924      65.97602153252123      3.1113023946941671e-05      3.8238084112036308e-05
46  24      60.94224354214569     67.854138352469263      5.9866900263096349e-05      3.3080980397001641e-05
46  26     62.419689627245816     69.739033301676741     -2.1382362225093184e-06      3.4190594252771722e-05
46  28      63.92582403567252     71.630171297775874     -8.3845098164589339e-05      3.4003835150601317e-05
46  30     65.459060435491963     73.527070623308873     -5.6553074413929817e-05       3.651971669348179e-05
46  32     67.017851452243804      75.42929662101713      -0.0001040976395315897      4.3106969337644735e-05
46  34     68.600699292150182     77.336456235321023     -9.4618896056743407e-05      5.6930104557066319e-05
46  36     70.206163733020475     79.248193274888365     -0.00012606884801821857      6.4906798988389967e-05
46  38     71.832867780352601     81.164184291043028     -5.4967883997561449e-05       5.912830685169166e-05
46  40     73.479501308256346     83.084134983321178     -2.3755531832068865e-05      7.2844856167726406e-05
46  42     75.144823004794873     85.007777057296764      1.9300958291029911e-05      7.2086662415876126e-05
46  44     76.827660925679098     86.934865471336678      2.8585338345399456e-05      6.3114672129904487e-05
46  46     78.526911934581193     88.865176018594269      4.2103866056660279e-05      5.1497795547439637e-05
46  48      80.24154027718933     90.798503198632517      9.3823617084967678e-05      5.5726646636589307e-05
46  50     81.970575502926067     92.734658339848409       8.120005111324048e-05      4.6967555575413501e-05
46  52     83.713109915419565     94.673467939569832      6.9390439882814173e-05      4.9694448350061988e-05
46  54     85.468295701936398      96.61477219349581      5.2401992531660676e-05       5.533814888823148e-05
46  56     87.235341863986875     98.558423690202289     -5.0953204703499118e-05      6.2582553238049141e-05
46  58     89.013511046643487     100.50428624985983     -6.2234983586534324e-05      3.8784268534934462e-05
46  60     90.802116342871599     102.45223388921347      -4.400851228531265e-05       4.991957370903407e-05
48   2      49.02082429892863     49.742103670096341      -0.0001374646142846392       8.140504443054614e-05
48   4     50.083189157584592     51.502948993753982      1.9328274135899044e-06       7.405600654251063e-05
48   6     51.186773244895647     53.280677853982269      3.2595788402040046e-05      6.7666454895838661e-05
48   8     52.331050121192874      55.07365531818683      1.4745760250190366e-05       7.353844776247426e-05
48  10     53.515301344262525     56.880439411392217      2.0500079468434874e-05      6.8428084635156389e-05
48  12     54.738633753705962     58.699755239350644      2.2100086755449865e-05      4.0575836014832147e-05
48  14                     56     60.530472843736206      9.6737724872795982e-06      5.4416009458121164e-05
48  16      57.29822128134704     62.371588245072758      -3.058282181749028e-05      4.2127945731046629e-05
48  18     58.632011235952589     64.222207200776822      1.0634749257485965e-05      4.9602575054818471e-05
48  20                     60     66.081531272104485     -7.0006220933942019e-07      4.9582926140499842e-05
48  22     61.400757564888167     67.948845853279465     -2.9700002450499524e-05      6.0436039608769242e-05
48  24     62.832815729997478     69.823509868233828     -2.2638641897320042e-05      4.3993255122045719e-05
48  26     64.294688127912366     71.704946885455243     -7.2405472005400873e-06      2.2845528641615674e-05
48  28     65.784887978899604      73.59263743998153     -0.00011917560076069919      3.8155503527608365e-05
48  30     67.301943396169804     75.486112384326589     -0.00011088399051369934      3.8976281139613238e-05
48  32     68.844410203711917     77.384947117807059     -7.8782228573810736e-05      4.2027751006830681e-05
48  34     70.410882339705481     79.288756567072028     -8.8452945208910733e-05      6.4139332924500539e-05
48  36                     72     81.197190810267685     -9.8564567221440241e-05       5.673898380429609e-05
48  38     73.610455730027937     83.109931253765524     -2.6242590094509576e-05      6.0846282020624105e-05
48  40     75.240998703626616     85.026687284241788     -8.0080808311880814e-05      7.1646879844236718e-05
48  42     76.890437438203946       86.9471933305432      -2.793835313221659e-05      4.0454038921654219e-05
48  44     78.557641192199412     88.871206279567673      2.8614544406959752e-06      5.6864540617593352e-05
48  46      80.24154027718933     90.798503198632517      5.3446531794869577e-05      6.6136808862723496e-05
48  48     81.941125496954271     92.728879323750562     -6.2759930179392013e-06      4.8617354065978494e-05
48  50     83.655446902326915     94.662146279097783      1.9932790246516277e-05      4.0068992706376008e-05
48  52     85.383612025908263     96.598130497913445      1.9444558869539926e-05      2.8809500148786822e-05
48  54     87.124783736376884     98.536671819270055      3.2242747056467957e-05      3.5995981398564577e-05
48  56     88.878177829171548     100.47762223871115      5.0396436140169536e-05      5.8893009292807199e-05
48  58     90.643060449437428     102.42084479378087     -3.6409879807147156e-05      4.8609285860760608e-05
48  60     92.418745424597091     104.36621256804506     -6.5413320780737265e-05       6.021020384019713e-05
50   2     51.019992006393608     51.741715092919826     -0.00017472256383102352      7.2956232011369614e-05
50   4     52.079872407968907     53.501496815638482     -0.00010499134858313127      6.2081570543149174e-05
50   6     53.179356624028344     55.277619723271947     -1.4501295060053139e-05      5.6432628734790025e-05
50   8      54.31797780234433     57.068558094869992      6.0491637009060037e-05      6.9294165410141548e-05
50  10     55.495097567963924     58.872959869403871      6.0858126625739786e-05      6.7206749648768971e-05
50  12     56.709920264364882      60.68962419179514     -4.4604471368840697e-05      6.1366920480745535e-05
50  14     57.961509971494337     62.517482077401475     -2.6323302998229695e-05      6.2942233276303867e-05
50  16     59.248809496813379     64.355579758519013      1.3415387879880065e-05      5.5005668391903591e-05
50  18     60.570660511172846     66.203064330980851     -8.7179627313549549e-06      5.8877424533447363e-05
50  20      61.92582403567252     68.059171369984199      -4.160027380059638e-05      7.3844040176705421e-05
50  22     63.313000567495322     69.923214230509771     -8.4330794088500099e-06      5.2402413438054487e-05
50  24     64.730849247724095     71.794574788647168     -1.8319496582900182e-05      5.0879577356286002e-05
50  26     66.178005607210736     73.672695415869924     -9.6537812893130193e-06      3.1801696607583496e-05
50  28     67.653097563788805     75.557072009153643     -6.5767094118397736e-05      4.2823637094999525e-05
50  30     69.154759474226495     77.447247926271174     -0.00012062635329635904      5.9464829066616593e-05
50  32     70.681644159311659     79.342808698143557     -0.00011746523449444066      4.7494064276939602e-05
50  34     72.232432915661946      81.24337740928236     -8.5320152418693094e-05      3.8662198070729472e-05
50  36     73.805843601498722     83.148610653600088     -3.9652199056004975e-05      5.6320048514829391e-05
50  38     75.400636936215164     85.058194986614126     -4.1975173739031276e-05      6.9411854458135313e-05
50  40     77.015621187164243     86.971843806704214     -6.1276667045691348e-05      6.8787562137353055e-05
50  42     78.649655434629011     88.889294607925891     -8.3700857681035258e-05      4.0884451273869087e-05
50  44     80.301651610693426     90.810306555211724     -2.9679378102958981e-05      5.1169527885219197e-05
50  46     81.970575502926067     92.734658339848409      2.4089828540000083e-05      4.7088416094721104e-05
50  48     83.655446902326915     94.662146279097783     -7.4233070436701386e-05      6.5758366137554306e-05
50  50     85.355339059327378     96.592582628906825     -1.1858726769640124e-05      7.1604117814730154e-05
50  52     87.069377593742871     98.525794082966314     -2.4328363402900953e-05      4.4244844371513469e-05
50  54     88.796738985948195     100.46162043504955      4.8642956051283184e-05      4.0422242881186158e-05
50  56     90.536648758246912     102.39991338469412        8.88236899250983e-06      6.0785601167704628e-05
50  58     92.288379438153299     104.34053546896213     -1.0449751519879919e-05      4.2042861452988941e-05
50  60     94.051248379533263     106.28335910530222     -9.4682338830229782e-05      5.2540576504322872e-05
52   2     53.019223662515373     53.741355434964269     -0.00011343428583919982      4.6270320797370936e-05
52   4     54.076809620810593     55.500149260829268     -4.3944636557899319e-05      5.4493966437185441e-05
52   6     55.172504656604801     57.274775005769243      -2.216757377778091e-05      7.3477249680020746e-05
52   8     56.305892875931811      59.06380563381142     -1.1101145614271859e-07      8.1320120047144359e-05
52  10     57.476404589747453     60.865970952050183     -2.4942264852279691e-05      7.1770566971506039e-05
52  12     58.683328128252668     62.680138033694369     -1.7435785364391465e-05      6.7088609005642281e-05
52  14      59.92582403567252     64.505294262642835     -4.8666054047151667e-05       7.571291533481258e-05
52  16     61.202941017470891     66.340532647072607      1.5491690436666503e-05      7.7751212889993836e-05
52  18     62.513632984395208     68.185039091317293     -1.7511872759199658e-06      7.2242213119679785e-05
52  20     63.856776554368238     70.038081354871736      1.4122029623179914e-05      5.2000880274261785e-05
52  22     65.231188426986208     71.898999463544655      6.0164124308441987e-05      5.6481162077663062e-05
52  24      66.63564212655271     73.767197370145212      1.0516030559948883e-05      3.1255970829720405e-05
52  26     68.068883707497264     75.642135690586642     -1.7908865980249219e-05      3.6010455078405707e-05
52  28     69.529646120466793     77.523325366113426      7.7729386513596733e-06        6.00955388110226e-05
52  30     71.016662039607269     79.410322123811142     -3.6612663783780296e-05      6.9002305561437658e-05
52  32     72.528675044947491     81.302721625998544      2.2915623491947135e-05      4.4510189430477251e-05
52  34     74.064449134018133     83.200155214889918      6.0537972003199378e-05      2.7362237732079211e-05
52  36     75.622776601683796     85.102286172399261      6.9588488644248056e-05      6.0359382847033741e-05
52  38     77.202484376209242     87.008806426453759     -2.5375751714840264e-05      5.8851601593021915e-05
52  40     78.802438933713461     88.919433644975868     -7.7961188409160148e-05      8.0407636537371442e-05
52  42     80.421549934136806     90.833908667030443     -0.00010975865207459037      5.8227316014074816e-05
52  44     82.058772731852798     92.751993227733877     -6.8813126352059261e-05      3.2153131874673029e-05
52  46     83.713109915419565     94.673467939569832       2.257475174864994e-05      5.2810875088499647e-05
52  48     85.383612025908263     96.598130497913445     -8.8014568649115752e-05      7.1965411016298111e-05
52  50     87.069377593742871     98.525794082966314      -7.268552586363836e-05      6.6578193250724937e-05
52  52      88.76955262170047     100.45628593406312     -5.6477467378116625e-05      6.7166661017841606e-05
52  54     90.483329627982627     102.38944607552776      -7.417606116330362e-06      6.6458206370285437e-05
52  56     92.209946349085598     104.32512617601077      7.1303897677579846e-06      4.7913624408752886e-05
52  58     93.948684188300888     106.26318852560247     -2.0352586394899625e-05      3.5158958391884535e-05
52  60     95.698866482558415     108.20350511704737      2.6010015670436686e-05      4.7068677900012828e-05
54   2     55.018512172212596     55.741021583905678     -4.1400294490214742e-05      9.9895689586719437e-05
54   4     56.073972741361771     57.498895419258943     -1.8407582153019548e-05      7.6777304981884745e-05
54   6     57.166155414412245     59.272122128807879      2.4964387463419886e-05      7.7111691819637494e-05
54   8     58.294688127912366     61.059364137450324      9.6590710686960218e-05      7.3413370777190116e-05
54  10     59.459060435491963     62.859425992345756      5.8086969994581929e-05      6.3944030089751081e-05
54  12     60.658633371878665      64.67123721798302      6.3908579102315416e-05      6.1378317939648724e-05
54  14     61.892651361962706     66.493837387550968      7.2142139243780475e-05       7.621976493826713e-05
54  16     63.160255680657443     68.326363123903434      3.5865056254435304e-05      6.5243924720692812e-05
54  18     64.460498941515411     70.168036775706852     -2.7671782740479525e-05        7.55055652463059e-05
54  20     65.792360097775941     72.018156545237872      1.6453138000400153e-05      5.0670243877671788e-05
54  22     67.154759474226495     73.876087872814622      7.4375127512079798e-05      4.3247207013476993e-05
54  24     68.546573405388315     75.741255908581721      7.3239874084419856e-05      7.5527894013069626e-05
54  26     69.966648127543394     77.613138925227759       -1.77512497492116e-05      4.5049255491691078e-05
54  28     71.413812651491099     79.491262545289487     -1.5660673265520272e-05      5.4410890605906313e-05
54  30     72.886890422961002     81.375194674185465     -1.6806792426339859e-05      6.1088085597423296e-05
54  32     74.384709652950434     83.264541045267407      5.5682966963975457e-05      5.8071854220612567e-05
54  34     75.906112267087636     85.158941296240044      8.7700317407419308e-05      4.8558622097914061e-05
54  36     77.449961479175897     87.058065507532945      0.00011827307532227008       4.109781499685809e-05
54  38     79.015148038438355     88.961611142848213     -1.0358496053079775e-05      3.8956631660549676e-05
54  40     80.600595232822883     90.869300340372234     -8.4156103432212216e-05      5.8058090199292011e-05
54  42     82.205262752974136     92.780877510218744     -4.2274060850259214e-05      4.5577051106295588e-05
54  44     83.828149534535996      94.69610719973474     -1.0932042786866443e-05      4.9004065734534434e-05
54  46     85.468295701936398      96.61477219349581      -1.222527113956948e-05      4.7635809884554928e-05
54  48     87.124783736376884     98.536671819270055     -6.8969293187858157e-05       6.895986405275689e-05
54  50     88.796738985948195     100.46162043504955     -2.5468575760549457e-05      5.2133515042958122e-05
54  52     90.483329627982627     102.38944607552776     -6.3672685349104516e-06      6.3625933313679177e-05
54  54     92.183766184073562     104.31998923921937      2.9377810566000208e-05      4.9829486671664652e-05
54  56     93.897300677553446      106.2531017998453      2.1862000414414378e-05      3.3830365405594664e-05
54  58     95.623225512317902     108.18864602769426      1.2662712500010196e-05      4.8540270876412358e-05
54  60     97.360872141221137     110.12649370847672      4.7183116547012098e-05      7.3896167913230926e-05
56   2     57.017851452243804      57.74071085852438     -1.0972110896649068e-05      8.3105786776976466e-05
56   4     58.071337695236394     59.497725846417254       4.298674885473078e-05      8.9921737373244856e-05
56   6     59.160255680657443     61.269642330791704       2.226827213100497e-06      7.1348860936987915e-05
56   8     60.284271247461902     63.055204081747739     -2.3734878277910502e-05      6.2929793703169832e-05
56  10     61.442925306655781     64.853284051299767      7.1078540296783889e-05       5.198290074743327e-05
56  12      62.63564212655271     66.662869295330253      9.4919377269879512e-05        5.89455644938171e-05
56  14     63.861739379323623     68.483047779242412       0.0001143696746884101      6.2538562119373757e-05
56  16     65.120439557122069     70.312996832603531      0.00010450149749882054       4.257626342714584e-05
56  18     66.410882339705481     72.151973043219186      6.1042255431703867e-05       6.197974276615236e-05
56  20     67.732137494637016     73.999303405350659       5.420630921241502e-05      4.9421545851792457e-05
56  22     69.083217912982647     75.854377559405606      4.2389504457780138e-05      4.8116974514624248e-05
56  24     70.463092423455635     77.716640981018799     -2.8022695126279888e-05      7.2942580182649598e-05
56  26     71.870698080866262     79.585588995874659      -9.189228433728746e-05      6.8731202100850923e-05
56  28     73.304951684997064     81.460761512939456     -3.8359073589781082e-05      4.7334734932158219e-05
56  30      74.76476034853718      83.34173838309178      -2.674997666437053e-05      3.8673719869260854e-05
56  32     76.249030993194197     85.228135302630122      9.6921568750614641e-05       4.256896425208061e-05
56  34      77.75667870831839      87.11960019198402      6.6596695397769381e-05      4.5572967701411628e-05
56  36      79.28663395418647     89.015809989343225      0.00010695726913544922      4.7949482888008833e-05
56  38     80.837848631377256     90.916467807029164      8.9482195136092121e-05      5.1738361977800407e-05
56  40     82.409301068170507     92.821300405425717       3.456017548717041e-05      5.6470352611253618e-05
56  42                     84     94.730055945312301      3.0618239179707206e-05       5.957656145002925e-05
56  44     85.608987629529707     96.642501984632588      4.2334448346472373e-05      6.0588943838281114e-05
56  46     87.235341863986875     98.558423690202289     -1.5086712763709957e-05      3.4699600018295148e-05
56  48     88.878177829171548     100.47762223871115      9.5492711683161404e-05      5.7471325756068061e-05
56  50     90.536648758246912     102.39991338469412      2.9621594277969103e-06      4.1902739148339411e-05
56  52     92.209946349085598     104.32512617601078      2.0443474812624013e-05      5.4758559637556077e-05
56  54     93.897300677553446      106.2531017998453      3.0413090834312818e-05      5.0426283905842745e-05
56  56     95.597979746446669     108.18369254437565      1.6930405043839793e-05      4.0880391870630964e-05
56  58     97.311288741492746     110.11676086311164       4.544513743819987e-06      4.2975203055237766e-05
56  60     99.036569057366393     112.05217853050172      3.6938432744120504e-05      3.6124550860444806e-05
58   2     59.017236257093813      59.74042093656513     -6.6063658259669396e-05      9.9238130066447712e-05
58   4     60.068883707497264     61.496632325323148      5.6518977071599501e-05      6.6518628371984955e-05
58   6     61.154759474226502       63.2673192180131      8.1202373941531493e-05      6.7034082302254756e-05
58   8     62.274562336608895     65.051299562053003      1.6458852553199791e-05      6.8710703652160367e-05
58  10     63.427877939124322      66.84750906645624      8.6028597013117718e-05      6.3429046382526636e-05
58  12     64.614185789921692     68.654987889212677      8.6361489737851328e-05      6.9521695610945758e-05
58  14     65.832867780352601     70.472868933696233      5.9854601795707884e-05      5.9466734940086676e-05
58  16     67.083217912982647     72.300367560780202      8.6782422465352967e-05      4.0216589120763412e-05
58  18     68.364452901377945      74.13677254306333     -5.6416740368565442e-06      5.7703463652838751e-05
58  20     69.675723300355941     75.981438106815915      4.6632519924279604e-05      4.7959829849285046e-05
58  22     71.016124838541643     77.833776925303368      8.2549877566809028e-05      4.3844771910227383e-05
58  24     72.384709652950434     79.693253943705145       6.846980416526011e-05      5.3727418529949747e-05
58  26     73.780497164141408     81.559380930790951      9.8363391942304699e-06      7.1913865128355091e-05
58  28     75.202484376209242     83.431711665839956     -2.0994280289250359e-05      5.8977552842916074e-05
58  30     76.649655434629011     85.309837681066099      -6.760156661177965e-05      6.2773829600369876e-05
58  32     78.120990323358399     87.193384490154045     -3.2658431136730305e-05      4.9347021063293857e-05
58  34      79.61547262794322     89.082008242550444       2.765040251137987e-05      4.4748996567125574e-05
58  36     81.132096331752024     90.975392751028096      7.9336942602930497e-05       6.387405130567857e-05
58  38     82.669871646719429     92.873246846881614      6.7229809722089781e-06      5.4163378325856533e-05
58  40     84.227829907617064      94.77530202304709      6.4385027156036806e-05      3.3001588428381302e-05
58  42     85.805027579936308     96.681310330579322     -6.0435042231966846e-07      5.6824724393586467e-05
58  44     87.400549446402593     98.591042498371905       1.585870110859959e-06      5.3734956240929624e-05
58  46     89.013511046643487     100.50428624985983     -4.2039629098660008e-05      6.7522694799905091e-05
58  48     90.643060449437428     102.42084479378089      4.1888105661617918e-06      7.1402588375085651e-05
58  50     92.288379438153299     104.34053546896213       2.264756841229314e-05      4.1831789030787958e-05
58  52     93.948684188300888     106.26318852560249     -5.7732589244392926e-05      6.4980872607441523e-05
58  54     95.623225512317902     108.18864602769426     -1.2213683755449829e-05      5.7267183969506498e-05
58  56     97.311288741492746     110.11676086311164     -3.9522713381102145e-06      4.5445676926845188e-05
58  58     99.012193308819747     112.04739584953194      1.3065351863660087e-05      6.0215039288384407e-05
58  60     100.72529209005013     113.98042292578009      2.9652766416199062e-06      5.4766028792924483e-05