2 2 3.2360679774997898 3.7320508075688776 0.3745973321799993 0.00045422918234105497 
2 4 5.1231056256176606 5.7320508075688776 0.18182173212399994 0.0003761594975527408 
2 6 7.0827625302982193 7.7320508075688776 0.093102218934530107 0.00031407480612347929 
2 8 9.0622577482985491 9.7320508075688785 0.049534486122807968 0.00025608185619626646 
2 10 11.04987562112089 11.732050807568879 0.027073610720430262 0.00021595033719538047 
2 12 13.041594578792296 13.732050807568879 0.01496969332323091 0.00018128820791483695 
2 14 15.035668847618199 15.732050807568879 0.0083869085169834701 0.00016072309724829409 
2 16 17.031219541881399 17.732050807568879 0.0047812016732518966 0.00014683458406276493 
2 18 19.027756377319946 19.732050807568879 0.0027622730095140419 0.00014746007023610841 
2 20 21.024984394500787 21.732050807568879 0.0017866081339068494 0.00013554661513288542 
2 22 23.022715545545239 23.732050807568879 0.00089196681402529574 0.00013299147467120919 
2 24 25.020824298928627 25.732050807568879 0.00038421357194868888 0.0001245803289488012 
2 26 27.019223662515376 27.732050807568879 8.2432711183658025e-05 0.00012807667691904948 
2 28 29.0178514522438 29.732050807568879 -0.00020814664210611013 0.00013506440998805569 
2 30 31.016662039607269 31.732050807568879 -0.00027933290905542802 0.00012300691207650324 
2 32 33.015621187164243 33.732050807568875 -0.00022273302016971873 0.0001209342481715123 
2 34 35.014702703389901 35.732050807568875 -0.00018306966779690404 0.0001268774555776916 
2 36 37.013886210738214 37.732050807568875 -0.000117855960309575 0.00012296497105409733 
2 38 39.013155617496423 39.732050807568875 6.7931147712938775e-05 0.00012613239530052001 
2 40 41.01249804748511 41.732050807568875 0.00015864124970049802 0.00013307416071598903 
2 42 43.01190307520001 43.732050807568875 0.00013711598864727374 0.00013232020790541818 
2 44 45.011362169330773 45.732050807568875 0.0001533418710467216 0.00013588289673788413 
2 46 47.010868281309364 47.732050807568875 0.00021575390564410176 0.00012836152305134129 
2 48 49.010415536631214 49.732050807568875 0.00016164673171437474 0.00012431392402060287 
2 50 51.009999000199947 51.732050807568875 0.0001382329540085312 0.00012580423351105259 
2 52 53.009614495783374 53.732050807568875 0.00014330272647391563 0.00012867376596983286 
2 54 55.009258465563107 55.732050807568875 0.00012583091774511063 0.000134159758053366 
2 56 57.008927859761783 57.732050807568875 4.7087249974709414e-05 0.00013645205574433489 
2 58 59.008620049092706 59.732050807568875 2.7837565565010119e-05 0.0001316501561434921 
2 60 61.00833275470999 61.732050807568875 -6.1843917900349435e-05 0.00014772044378057956 
4 2 4.8284271247461898 5.4641016151377553 0.19540026314200062 0.00037453031076667556 
4 4 6.4721359549995796 7.4641016151377553 0.10602506053559929 0.00030342386196911456 
4 6 8.3245553203367599 9.4641016151377553 0.056713659954651323 0.00024328143795603375 
4 8 10.246211251235321 11.464101615137755 0.030770027879290347 0.0001946724023620771 
4 10 12.198039027185569 13.464101615137755 0.01699164378709736 0.00015581971511128125 
4 12 14.165525060596439 15.464101615137755 0.0094725503457612076 0.00012688620796954446 
4 14 16.142135623730951 17.464101615137757 0.0053077131334723048 0.00012101056314408393 
4 16 18.124515496597098 19.464101615137757 0.0031124369134552534 0.00011127907972105879 
4 18 20.110770276274835 21.464101615137757 0.0018784338740285074 0.00011272145790236249 
4 20 22.09975124224178 23.464101615137757 0.0011924426526518179 0.00010107306766920032 
4 22 24.090722034374522 25.464101615137757 0.00066145414373467749 9.9372031557381596e-05 
4 24 26.083189157584592 27.464101615137757 0.00028723441431270099 9.3518015364154063e-05 
4 26 28.076809620810597 29.464101615137757 5.3197098612482765e-06 9.8615690020822317e-05 
4 28 30.071337695236398 31.464101615137757 -0.00014650246811151013 9.8432052855573809e-05 
4 30 32.06659275674582 33.464101615137757 -0.00021353821431950007 9.5663999171197381e-05 
4 32 34.062439083762797 35.464101615137757 -0.00015927699325331998 9.478497548940348e-05 
4 34 36.058772731852805 37.464101615137757 -0.00014001598159309419 9.8045247116114518e-05 
4 36 38.055512754639892 39.464101615137757 -4.6444662593810762e-05 9.5398107763471293e-05 
4 38 40.052595180880893 41.464101615137757 3.4950676137330954e-05 9.3730337160494143e-05 
4 40 42.049968789001575 43.464101615137757 4.9375673939209595e-05 9.596935995550868e-05 
4 42 44.047592083257278 45.464101615137757 7.4817734228060443e-05 9.284504773582397e-05 
4 44 46.045431091090478 47.464101615137757 0.00012290726295835952 9.9023797147551273e-05 
4 46 48.043457732885351 49.464101615137757 0.00016307781621330143 9.5812399205411292e-05 
4 48 50.041648597857254 51.464101615137757 0.00017111961298286221 8.9170132918340385e-05 
4 50 52.039984012787215 53.464101615137757 0.00013030636104752842 9.3576311340194646e-05 
4 52 54.038447325030752 55.464101615137757 0.00013080651598795879 9.3248448994418589e-05 
4 54 56.037024344425184 57.464101615137757 9.2281255418659184e-05 9.8647018752040034e-05 
4 56 58.0357029044876 59.464101615137757 1.2782686551380265e-05 0.00010028943346595684 
4 58 60.034472514187634 61.464101615137757 -7.7231281916919164e-05 0.0001007751259757407 
4 60 62.033324079214538 63.464101615137757 -8.0271939910716818e-06 0.00010852692365220722 
6 2 6.6055512754639896 7.1961524227066329 0.10325914786900153 0.00029609898968133039 
6 4 8 9.196152422706632 0.061834431787191814 0.00024226430229286054 
6 6 9.7082039324993694 11.196152422706632 0.034691863117867101 0.00018719716068645129 
6 8 11.54400374531753 13.196152422706632 0.01929148669543005 0.00015023126460377486 
6 10 13.440306508910551 15.196152422706632 0.010796828971993314 0.00011993611345189107 
6 12 15.369316876852981 17.196152422706632 0.0060767784719542384 9.8887655701216946e-05 
6 14 17.317821063276355 19.196152422706632 0.0034559415284088589 9.938064640741925e-05 
6 16 19.278820596099706 21.196152422706632 0.0020349222057470086 9.0141915316969412e-05 
6 18 21.248287590894659 23.196152422706632 0.0012463002991073627 8.5187201320604863e-05 
6 20 23.223748416156685 25.196152422706632 0.00081629715239735722 8.2845919106379326e-05 
6 22 25.203603311174518 27.196152422706632 0.00053046768326856235 8.1171301748570899e-05 
6 24 27.186773244895647 29.196152422706632 0.00025473937162550785 8.4682664723587683e-05 
6 26 29.172504656604801 31.196152422706632 1.2087532630070377e-05 8.0613778525019322e-05 
6 28 31.160255680657446 33.196152422706632 -0.00011733721496928069 8.0756055743130446e-05 
6 30 33.14962686336267 35.196152422706632 -0.00019839067817559901 8.9624740839423683e-05 
6 32 35.140317359976393 37.196152422706632 -0.00013907413184987056 8.6930170173136551e-05 
6 34 37.132096331752024 39.196152422706632 -0.00011253909263755874 8.5158405618284268e-05 
6 36 39.124783736376884 41.196152422706632 -0.00010611189951201991 8.2374307096263764e-05 
6 38 41.118237105091836 43.196152422706632 -9.7725907514972828e-05 8.4247620273263099e-05 
6 40 43.11234224026316 45.196152422706632 -7.8574885458110056e-05 8.6309776786676584e-05 
6 42 45.107006542854599 47.196152422706632 -4.2368513098797245e-06 8.1633034514632413e-05 
6 44 47.10215414239989 49.196152422706632 5.2075255236208279e-05 8.7858065421734637e-05 
6 46 49.097722286464439 51.196152422706632 0.00013973989572432276 8.8551671382667438e-05 
6 48 51.093658625644196 53.196152422706632 0.000106954007238 7.6250264409224885e-05 
6 50 53.089919145472777 55.196152422706632 4.7613010275669916e-05 8.0435794331236147e-05 
6 52 55.086466572421671 57.196152422706632 -1.0277193629704613e-05 8.0867332937913821e-05 
6 54 57.083269131959838 59.196152422706632 2.1010382120950185e-05 8.0048130062788925e-05 
6 56 59.080299571239813 61.196152422706632 -1.1005856039083847e-05 8.270889042036157e-05 
6 58 61.077534382926416 63.196152422706632 5.2267512026174402e-05 8.7050220052618666e-05 
6 60 63.074953183502359 65.196152422706632 3.0976833695523237e-05 9.0240437689979139e-05 
8 2 8.4721359549995796 8.9442719099991592 0.055096137762909503 0.00022999729117073318 
8 4 9.6568542494923797 10.928203230275511 0.035715316236329002 0.00018554776506723208 
8 6 11.211102550927979 12.928203230275511 0.02095300099080295 0.0001439350172219519 
8 8 12.944271909999159 14.928203230275511 0.01196452808698617 0.00011708747594717086 
8 10 14.770329614269007 16.928203230275511 0.0067815497662358356 9.7582893630042647e-05 
8 12 16.64911064067352 18.928203230275511 0.0038583309525895815 8.2241986847179401e-05 
8 14 18.560219778561034 20.928203230275511 0.002217559281105631 8.6513240143531176e-05 
8 16 20.492422502470642 22.928203230275511 0.0012759992547581804 8.5136734420459688e-05 
8 18 22.439088914585774 24.928203230275511 0.00080290506957391415 7.9524279230575327e-05 
8 20 24.396078054371138 26.928203230275511 0.00055569082023829099 7.2653162150973174e-05 
8 22 26.360679774997898 28.928203230275511 0.00035281129026819215 7.0413871537386915e-05 
8 24 28.331050121192877 30.928203230275511 0.00012397416085566698 7.3088510953054364e-05 
8 26 30.305892875931811 32.928203230275514 -2.6382168128570381e-05 7.1749912825170236e-05 
8 28 32.284271247461902 34.928203230275514 -2.0089086641141497e-05 7.2838027500737117e-05 
8 30 34.265491900843116 36.928203230275514 -0.00016527859190318015 8.1454575422567284e-05 
8 32 36.249030993194197 38.928203230275514 -0.00019355632556230826 8.2821184915616224e-05 
8 34 38.23448553724738 40.928203230275514 -0.00014416537102155156 7.9136401300622597e-05 
8 36 40.221540552549669 42.928203230275514 -7.3262836322509785e-05 8.3199420229693519e-05 
8 38 42.209946349085598 44.928203230275514 -9.4681783760591201e-05 8.6330652412072264e-05 
8 40 44.19950248448356 46.928203230275514 -9.9192135173669927e-05 9.0383529434272144e-05 
8 42 46.190046219457976 48.928203230275514 -4.8775196890199721e-05 8.7577984971846928e-05 
8 44 48.181444068749045 50.928203230275514 4.6095826670489785e-05 8.3954093796956479e-05 
8 46 50.173585522460783 52.928203230275514 0.00011732134362631998 8.4227183022772954e-05 
8 48 52.166378315169183 54.928203230275514 0.00012599608335836046 7.3719556845553802e-05 
8 50 54.159744815937813 56.928203230275514 5.6792634445769847e-05 7.5637681034792845e-05 
8 52 56.153619241621193 58.928203230275514 -4.2537436602978769e-05 7.4128869764032842e-05 
8 54 58.147945482723536 60.928203230275514 1.4486779505780589e-05 7.6993120114283929e-05 
8 56 60.142675390472796 62.928203230275514 1.9461629975393915e-06 8.060259500360342e-05 
8 58 62.137767414994535 64.928203230275514 3.7571118539819409e-05 8.4425400406062357e-05 
8 60 64.13318551349164 66.928203230275514 -5.8689956518303311e-05 8.7878070182329798e-05 
10 2 10.385164807134505 10.770329614269007 0.029665189259706057 0.00017768268147960893 
10 4 11.403124237432849 12.660254037844387 0.020401628448197921 0.00014430296087311934 
10 6 12.810249675906654 14.660254037844387 0.012492631543728983 0.00011813117136027558 
10 8 14.433981132056603 16.660254037844389 0.0073835365775249476 0.00010316489583282679 
10 10 16.180339887498949 18.660254037844389 0.0042709277376911875 8.5103498015719336e-05 
10 12 18 20.660254037844389 0.0024315468306491212 8.2302654567256001e-05 
10 14 19.866068747318508 22.660254037844389 0.0014078799303087141 7.8450948540167591e-05 
10 16 21.763054614240211 24.660254037844389 0.00079198836098685736 8.7129263189292001e-05 
10 18 23.681541692269406 26.660254037844389 0.00046556266089757136 8.5311742391077429e-05 
10 20 25.615528128088304 28.660254037844389 0.00040589234628103454 7.7473422782265504e-05 
10 22 27.561028345356956 30.660254037844389 0.00033067262046142124 7.0957762208060561e-05 
10 24 29.515301344262525 32.660254037844389 0.00015011049676182112 7.0862250192144563e-05 
10 26 31.476404589747453 34.660254037844389 -2.4553262773026927e-05 6.7585451408036924e-05 
10 28 33.442925306655781 36.660254037844389 -7.0120123178509506e-05 7.3888341854326539e-05 
10 30 35.413812651491099 38.660254037844389 -0.00013709772109445821 7.6633132945298253e-05 
10 32 37.388269481403292 40.660254037844389 -0.00013639873070335679 8.2522982833602528e-05 
10 34 39.365680554879162 42.660254037844389 -0.00010340316782722976 8.441913190306782e-05 
10 36 41.345563690772494 44.660254037844389 -0.00012425380812680306 8.2620412801470542e-05 
10 38 43.327535793473601 46.660254037844389 -0.000116491471881041 8.2616512945916804e-05 
10 40 45.311288741492746 48.660254037844389 -6.2287025396180054e-05 8.8880910873697137e-05 
10 42 47.296571965113202 50.660254037844389 -6.709495134897008e-05 8.4301848469449205e-05 
10 44 49.283179650969061 52.660254037844389 2.4672101718479201e-05 8.5199074240121085e-05 
10 46 51.270941205037097 54.660254037844389 5.4972208722551973e-05 8.3392688061292476e-05 
10 48 53.259714048054619 56.660254037844389 5.2251513681390594e-05 7.2784479673371674e-05 
10 50 55.24937810560445 58.660254037844389 7.8020326581200181e-05 7.8040233210777002e-05 
10 52 57.239831546435909 60.660254037844389 1.7048653525580061e-05 7.9586101885759371e-05 
10 54 59.230987451824994 62.660254037844389 6.0332670456809663e-05 7.6135698738687301e-05 
10 56 61.222771187482387 64.660254037844382 1.0961490148329922e-05 7.5460796695571276e-05 
10 58 63.215118311311535 66.660254037844382 8.5536922117902417e-06 7.9535832574792573e-05 
10 60 65.207972893961482 68.660254037844382 -0.00011466874526038923 7.8587215686384617e-05 
12 2 12.32455532033676 12.649110640673518 0.01604635779727788 0.0001392064650861968 
12 4 13.211102550927979 14.392304845413266 0.011556399404465867 0.00012411950150810114 
12 6 14.48528137423857 16.392304845413264 0.0073584340785745493 0.00010508340254105668 
12 8 16 18.392304845413264 0.0043773350833716355 8.9338185728426336e-05 
12 10 17.661903789690601 20.392304845413264 0.002583024925072125 8.4693228459003462e-05 
12 12 19.416407864998739 22.392304845413264 0.0013852510402950389 8.2194828893583226e-05 
12 14 21.231546211727817 24.392304845413264 0.00076713370723522874 8.0054050563354952e-05 
12 16 23.088007490635061 26.392304845413264 0.00042725650209630631 8.5848905475177919e-05 
12 18 24.973665961010276 28.392304845413264 0.00027260960970841211 8.5938325317325558e-05 
12 20 26.880613017821101 30.392304845413264 0.00026051995334682636 8.4207548715067133e-05 
12 22 28.803508501982758 32.392304845413264 0.00020967155615561015 7.4264986509398604e-05 
12 24 30.738633753705962 34.392304845413264 0.00013939338622294165 7.3043449623958289e-05 
12 26 32.683328128252668 36.392304845413264 -1.8728604204725898e-05 7.0679214891527104e-05 
12 28 34.63564212655271 38.392304845413264 -4.2654672861210185e-05 7.3758933903773089e-05 
12 30 36.594117081556711 40.392304845413264 -9.2161060209498111e-06 7.0843509079652036e-05 
12 32 38.557641192199412 42.392304845413264 -8.518632389002665e-05 8.4185331634190752e-05 
12 34 40.525353003264136 44.392304845413264 -0.00011900072784307894 8.6151588609120126e-05 
12 36 42.496575181789318 46.392304845413264 -0.00013747681284593445 8.2164269652555732e-05 
12 38 44.470768123342687 48.392304845413264 -0.00017769872650084736 7.9903703679502766e-05 
12 40 46.447496832313369 50.392304845413264 -0.00012127368341134903 8.3549975830163198e-05 
12 42 48.426406871192853 52.392304845413264 -6.7137815440520383e-05 8.4765550691404077e-05 
12 44 50.407206622349037 54.392304845413264 1.8500285452520185e-05 8.1689063800131597e-05 
12 46 52.389654018972806 56.392304845413264 7.9293057233469281e-05 8.2345875863219962e-05 
12 48 54.373546489791295 58.392304845413264 4.7541757843288284e-05 7.7390184749349949e-05 
12 50 56.358713248056688 60.392304845413264 3.6118405054423964e-05 7.9878019971190009e-05 
12 52 58.345009313209601 62.392304845413264 9.1762267574929332e-06 8.8869018748396464e-05 
12 54 60.332310828824497 64.392304845413264 4.4162091940870161e-05 7.3195566621921414e-05 
12 56 62.320511361314892 66.392304845413264 6.7187283987969648e-05 7.8593322328785514e-05 
12 58 64.309518948453004 68.392304845413264 2.1990736602202112e-06 8.0363604056739419e-05 
12 60 66.29925372672534 70.392304845413264 -7.716797194277003e-05 8.0663343473878784e-05 
14 2 14.280109889280517 14.560219778561036 0.0088386315108196101 0.00012185087713352123 
14 4 15.062257748298549 16.124515496597098 0.0065798493730281054 0.00011517129647103846 
14 6 16.219544457292887 18.124355652982143 0.0043410517212502447 0.00010097232229574727 
14 8 17.63014581273465 20.124355652982143 0.0026702505791017178 8.7606262590593707e-05 
14 10 19.206555615733702 22.124355652982143 0.0016169675391537117 7.8926465821636102e-05 
14 12 20.892443989449802 24.124355652982143 0.00091359955854902742 7.6738519529470533e-05 
14 14 22.652475842498529 26.124355652982143 0.00050204973429193928 7.953421307016637e-05 
14 16 24.464249196572979 28.124355652982143 0.00024110093195476117 7.808852442060685e-05 
14 18 26.313207915827967 30.124355652982143 8.3838259465116363e-05 8.2548809331479896e-05 
14 20 28.189620100417091 32.124355652982146 9.6946334329409185e-05 7.9976412875978694e-05 
14 22 30.086792761230392 34.124355652982146 0.00010641439362445065 7.517645683837743e-05 
14 24 32 36.124355652982146 2.2430635017974548e-05 6.8252124489136362e-05 
14 26 33.92582403567252 38.124355652982146 -9.3954608441167812e-05 7.1147871940623153e-05 
14 28 35.861739379323623 40.124355652982146 7.2403947791209588e-06 7.5881846636638388e-05 
14 30 37.805843601498722 42.124355652982146 2.7781254169175033e-05 7.071710817775131e-05 
14 32 39.756678708318397 44.124355652982146 -4.4360072008619948e-05 8.2730450303991363e-05 
14 34 41.713109915419565 46.124355652982146 -8.461200329467887e-05 7.5760673565913216e-05 
14 36 43.674241641784498 48.124355652982146 -6.0128956971000054e-05 7.8447043586483818e-05 
14 38 45.639358172723313 50.124355652982146 -3.9772381380879668e-05 7.5518585414218896e-05 
14 40 47.607881008493905 52.124355652982146 -0.00013140408475710002 8.049097999353242e-05 
14 42 49.579337712087536 54.124355652982146 -8.2691867019467558e-05 8.0556712485517802e-05 
14 44 51.553338819890925 56.124355652982146 -5.437491395563759e-05 8.1921468028423543e-05 
14 46 53.529560496527367 58.124355652982146 -3.8015723138470275e-05 8.160582265551557e-05 
14 48 55.507731342539614 60.124355652982146 -7.3554082581906002e-06 8.1992229464010805e-05 
14 50 57.487622245457352 62.124355652982146 -6.9689904721801358e-06 8.2471825237159197e-05 
14 52 59.469038489379621 64.124355652982146 -4.5169129074790651e-05 8.3410896315969947e-05 
14 54 61.451813560247928 66.124355652982146 3.9969605851989755e-05 7.8105322407221917e-05 
14 56 63.435804238089851 68.124355652982146 3.1826526239380254e-05 7.4011284954301562e-05 
14 58 65.420886675914119 70.124355652982146 1.0945703776269723e-05 7.5612924305947001e-05 
14 60 67.406953242155822 72.124355652982146 0.00010625160932989013 8.2300435671226561e-05 
16 2 16.246211251235323 16.492422502470642 0.0049757830148930027 0.00010575370663874973 
16 4 16.944271909999159 17.888543819998318 0.0038749064268310167 0.00010033047168882619 
16 6 18 19.856406460551021 0.0026100515514991167 9.276955167591363e-05 
16 8 19.313708498984759 21.856406460551021 0.0017169909336986174 7.9232024922639191e-05 
16 10 20.806248474865697 23.856406460551021 0.0010421457591081264 7.7346685728501313e-05 
16 12 22.422205101855958 25.856406460551021 0.00058416898632682179 7.9989199941719088e-05 
16 14 24.124515496597098 27.856406460551021 0.00026489352656629885 7.5202552441909197e-05 
16 16 25.888543819998318 29.856406460551021 6.2022845889739381e-05 7.340494390378489e-05 
16 18 27.697715603592208 31.856406460551021 8.3271420976998364e-06 7.86036198807314e-05 
16 20 29.540659228538015 33.856406460551021 -5.2710520527790632e-05 7.9729339534577966e-05 
16 22 31.409399821439251 35.856406460551021 -5.6031770731131124e-05 7.905844581693342e-05 
16 24 33.29822128134704 37.856406460551021 -3.3050804541178474e-05 7.5424561877079248e-05 
16 26 35.202941017470891 39.856406460551021 -4.3527655531810717e-05 7.1771745999802636e-05 
16 28 37.120439557122069 41.856406460551021 7.5749253658505419e-06 7.2519116023606184e-05 
16 30 39.048349392520052 43.856406460551021 2.4180962532596083e-05 8.1281490798974118e-05 
16 32 40.984845004941285 45.856406460551021 -4.0154248456749941e-05 7.7644974823853113e-05 
16 34 42.928498393145958 47.856406460551021 -6.5326642028019945e-05 7.9301493098979744e-05 
16 36 44.878177829171548 49.856406460551021 -2.318307572405987e-05 8.1181142667065655e-05 
16 38 46.832975677895199 51.856406460551021 -7.1128995441436136e-05 7.517054811836149e-05 
16 40 48.792156108742276 53.856406460551021 -0.00010325167119001451 7.6321460508485867e-05 
16 42 50.755116652863897 55.856406460551021 -7.5980385806409566e-05 8.1399670854235279e-05 
16 44 52.721359549995796 57.856406460551021 -6.6544415008758638e-06 8.0381702392727207e-05 
16 46 54.690470119715009 59.856406460551021 2.0433651236170211e-05 7.7681030638516264e-05 
16 48 56.662100242385755 61.856406460551021 -4.9388554504206293e-05 8.1585880943729096e-05 
16 50 58.635955604688654 63.856406460551021 -2.5961300427100678e-05 8.1332292113183509e-05 
16 52 60.611785751863621 65.856406460551028 -1.2429505501431674e-05 8.4562600454828418e-05 
16 54 62.589376255824725 67.856406460551028 6.2955120691599035e-06 7.9367059115881462e-05 
16 56 64.568542494923804 69.856406460551028 -8.5121768864041285e-06 7.3555219808205542e-05 
16 58 66.54912467321779 71.856406460551028 2.5344586459641056e-05 7.6057847909239966e-05 
16 60 68.530983801686233 73.856406460551028 0.00014309792323585389 7.9792624550628578e-05 
18 2 18.219544457292887 18.439088914585774 0.0028281197939913337 9.013090376672436e-05 
18 4 18.848857801796104 19.697715603592208 0.0022476723418999528 8.9268678273481583e-05 
18 6 19.81665382639197 21.5884572681199 0.0015323686651316001 9.399022280377097e-05 
18 8 21.041594578792296 23.5884572681199 0.0010423332097912773 8.3434710388614905e-05 
18 10 22.45362404707371 25.5884572681199 0.00063334885031836666 8.1348061086649459e-05 
18 12 24 27.5884572681199 0.00034324997576949754 8.4292390226186432e-05 
18 14 25.643316977093239 29.5884572681199 0.0001962950826092216 7.5812821419630894e-05 
18 16 27.357559750685819 31.5884572681199 8.9488508071199446e-05 6.9210473227719309e-05 
18 18 29.124611797498108 33.588457268119896 4.8949597875861254e-05 7.4041573032548907e-05 
18 20 30.931712199461309 35.588457268119896 2.3773422448225968e-05 8.1740666934679412e-05 
18 22 32.769728648009426 37.588457268119896 -1.658852823328015e-05 7.926489064348101e-05 
18 24 34.632011235952589 39.588457268119896 -1.4133659619319809e-05 7.8612639598489066e-05 
18 26 36.513632984395208 41.588457268119896 -4.5752790149304119e-05 7.484396461100033e-05 
18 28 38.410882339705481 43.588457268119896 -3.7240430023131508e-06 7.2608723303373311e-05 
18 30 40.32091952673165 45.588457268119896 1.4155503112700415e-05 7.3087905220013083e-05 
18 32 42.241540277189323 47.588457268119896 -2.5601650665810088e-05 7.2249419545445035e-05 
18 34 44.171010790137949 49.588457268119896 1.6716131420379672e-05 7.7178698878792158e-05 
18 36 46.107950630558946 51.588457268119896 -1.341485068578015e-05 7.7433461798441625e-05 
18 38 48.05124837953327 53.588457268119896 -4.9534813552400249e-05 7.3402647630876539e-05 
18 40 50 55.588457268119896 -6.4361365756850048e-05 7.568731396016663e-05 
18 42 51.953463189829058 57.588457268119896 1.6558191427867139e-05 6.8444416379878382e-05 
18 44 53.911023145771239 59.588457268119896 4.0827505666179577e-05 7.3379278283161139e-05 
18 46 55.872166581031863 61.588457268119896 4.6103945231550287e-05 7.6072931543424402e-05 
18 48 57.836461788299118 63.588457268119896 -3.2289854133839484e-05 7.9378055848815045e-05 
18 50 59.803543183522152 65.588457268119896 2.710725192257e-05 8.6670887750934201e-05 
18 52 61.773099207835045 67.588457268119896 5.6157459166302675e-05 8.1440507020100295e-05 
18 54 63.74486277268398 69.588457268119896 2.0994227924499738e-06 7.8611703943186833e-05 
18 56 65.718603649948932 71.588457268119896 5.9548884338132948e-05 7.6532093614569864e-05 
18 58 67.694122363316751 73.588457268119896 5.3607277836640376e-05 7.6702433298045486e-05 
18 60 69.671245248470058 75.588457268119896 8.2823620746510579e-05 7.7615320504667695e-05 
20 2 20.198039027185569 20.396078054371138 0.0015594554201484275 8.6285725029659483e-05 
20 4 20.770329614269009 21.540659228538015 0.0012797150819954251 8.1624470149033152e-05 
20 6 21.661903789690601 23.320508075688775 0.00095215014125872089 8.865282243830224e-05 
20 8 22.806248474865697 25.320508075688775 0.00058185661957395058 7.9511433692821962e-05 
20 10 24.142135623730951 27.320508075688775 0.00036567889885917305 7.7307262571024992e-05 
20 12 25.620499351813308 29.320508075688775 0.00021081050795335911 7.3542964319098702e-05 
20 14 27.204650534085253 31.320508075688775 0.00012344290234939966 7.5575244693764173e-05 
20 16 28.867962264113206 33.320508075688778 1.0383247673480336e-05 6.986895913362375e-05 
20 18 30.591260281974002 35.320508075688778 7.0647711105779326e-05 7.4240324937719507e-05 
20 20 32.360679774997898 37.320508075688778 1.1402106180190015e-05 7.8746059681231672e-05 
20 22 34.166091947189145 39.320508075688778 1.4463289627619842e-05 7.4867861174864045e-05 
20 24 36 41.320508075688778 -3.0878673318669752e-05 7.5968350904713844e-05 
20 26 37.856776554368238 43.320508075688778 2.4979503636980122e-05 7.6481537110117452e-05 
20 28 39.732137494637016 45.320508075688778 6.5050813051302593e-06 7.293848651778553e-05 
20 30 41.622776601683796 47.320508075688778 -2.1628324767688831e-06 7.0413249270700698e-05 
20 32 43.526109228480422 49.320508075688778 -5.0334392798533909e-05 7.5549187625161899e-05 
20 34 45.440090293338699 51.320508075688778 -5.806685510452012e-05 7.8877656941845579e-05 
20 36 47.363083384538811 53.320508075688778 -9.8221590996202794e-07 7.8028407389543479e-05 
20 38 49.293765408776999 55.320508075688778 -1.0481200670659685e-05 7.1730229735206396e-05 
20 40 51.231056256176608 57.320508075688778 2.2239400386960046e-07 7.4563143063591841e-05 
20 42 53.174066289845804 59.320508075688778 -6.5748233487233923e-05 7.6302191385312074e-05 
20 44 55.122056690713912 61.320508075688778 4.8459700406190028e-05 7.9131555231020284e-05 
20 46 57.074409183759279 63.320508075688778 6.1768519443089598e-05 8.2582427561956031e-05 
20 48 59.03060268852505 65.320508075688778 -6.0663329522320229e-05 8.0502800967310539e-05 
20 50 60.990195135927848 67.320508075688778 2.1521844221516631e-05 7.6725292463362347e-05 
20 52 62.952809179494906 69.320508075688778 8.0226315704907394e-05 7.5516009248650687e-05 
20 54 64.918120870983927 71.320508075688778 6.7321863389269924e-05 7.2424022085602793e-05 
20 56 66.885850613311561 73.320508075688778 1.5318310710359139e-05 7.0151505818664365e-05 
20 58 68.855755878248644 75.320508075688778 8.7921644662250381e-05 7.8042322381451459e-05 
20 60 70.827625302982199 77.320508075688778 -2.6343247319145898e-05 8.1002912753854752e-05 
22 2 22.180339887498949 22.360679774997898 0.00094565300366771584 9.0447786124017048e-05 
22 4 22.704699910719626 23.409399821439251 0.00083294851266452338 8.0989339374324155e-05 
22 6 23.529964086141668 25.059928172283335 0.00056838267383676967 7.6314340852525487e-05 
22 8 24.601470508735446 27.052558883257653 0.00035432812860130398 7.0634073992378849e-05 
22 10 25.866068747318508 29.052558883257653 0.00010770799329475922 6.865125905596745e-05 
22 12 27.278820596099706 31.052558883257653 0.00010987626203189017 6.9198693946962336e-05 
22 14 28.804493814764857 33.052558883257653 6.1933430633568686e-05 7.0719712004176319e-05 
22 16 30.416487838947599 35.052558883257653 3.4998836055469877e-05 7.0594041590434786e-05 
22 18 32.095023109728984 37.052558883257653 5.5666428537209874e-05 7.38599677301714e-05 
22 20 33.825424421026653 39.052558883257653 5.2798234391776406e-05 7.9363944281112239e-05 
22 22 35.596747752497691 41.052558883257653 4.2285703930756241e-05 8.1748115730124842e-05 
22 24 37.400757564888167 43.052558883257653 -5.7461135608519474e-05 8.0398039001974866e-05 
22 26 39.231188426986208 45.052558883257653 -4.2391525439249681e-05 7.0641838906783453e-05 
22 28 41.083217912982647 47.052558883257653 -7.7184193977449349e-05 7.152774513348426e-05 
22 30 42.953090617340919 49.052558883257653 -4.0171312295860517e-05 7.0900123853627917e-05 
22 32 44.837848631377263 51.052558883257653 -7.9212534163324697e-05 7.3570543989945607e-05 
22 34 46.735136770411273 53.052558883257653 -2.4222580451299686e-05 7.1714126512954868e-05 
22 36 48.643060449437421 55.052558883257653 -1.5617166909150776e-05 7.9242661194910426e-05 
22 38 50.560080889704963 57.052558883257653 1.4939627959487368e-05 7.6807916739834596e-05 
22 40 52.484937025383083 59.052558883257653 2.687646027332709e-05 7.6781767181419652e-05 
22 42 54.416586692184822 61.052558883257653 -7.7600166368421168e-06 7.9489280732146823e-05 
22 44 56.354161881794269 63.052558883257653 6.7742639186993293e-06 7.8631638985075084e-05 
22 46 58.296934361541872 65.05255888325766 -5.7503436433879204e-05 7.2857982202634272e-05 
22 48 60.244289008980523 67.05255888325766 -0.00013473701635148081 7.3210959246594929e-05 
22 50 62.195702944680818 69.05255888325766 -2.5219495096236147e-05 7.9983331629356541e-05 
22 52 64.150729063673253 71.05255888325766 4.2935336180730167e-05 7.669184675945635e-05 
22 54 66.108982933819419 73.05255888325766 6.256743153515761e-05 7.2098898056653334e-05 
22 56 68.070132293521098 75.05255888325766 -6.7819142378181452e-05 7.1531177203475367e-05 
22 58 70.033888572581759 77.05255888325766 -1.1441270741429668e-05 7.7755024543894562e-05 
22 60 72 79.05255888325766 4.1758111021574911e-05 8.0362777866507617e-05 
24 2 24.165525060596437 24.331050121192877 0.00051763372358429381 8.2503930873877702e-05 
24 4 24.64911064067352 25.298221281347036 0.00046730829796167811 7.7433100758992542e-05 
24 6 25.416407864998739 26.832815729997478 0.00033609938093050515 7.5257196875969616e-05 
24 8 26.422205101855958 28.784609690826532 0.00029292303664469141 6.8919659145002437e-05 
24 10 27.620499351813308 30.784609690826532 8.6418631299955452e-05 6.4700334522910675e-05 
24 12 28.970562748477139 32.784609690826528 0.00012707214616887975 7.0082876217267211e-05 
24 14 30.439088914585774 34.784609690826528 2.9981457993314689e-07 7.4302730546995695e-05 
24 16 32 36.784609690826528 -5.4665324532590559e-05 7.3482713803948998e-05 
24 18 33.633307652783941 38.784609690826528 6.4495371093231487e-05 7.6571099346378003e-05 
24 20 35.323807579381203 40.784609690826528 0.00010228179540764596 8.3112243775123609e-05 
24 22 37.059928172283335 42.784609690826528 8.2165684741791653e-05 8.0066279686162876e-05 
24 24 38.832815729997478 44.784609690826528 -5.7497748484116133e-05 7.7484551416059602e-05 
24 26 40.63564212655271 46.784609690826528 -7.0548347730380436e-05 7.7019267490067316e-05 
24 28 42.463092423455635 48.784609690826528 -3.5081164747107753e-05 7.8554074346884626e-05 
24 30 44.310988842807021 50.784609690826528 -0.00012640408800407147 7.2400836802087378e-05 
24 32 46.176014981270121 52.784609690826528 -9.1590628209938587e-05 7.0915905514141095e-05 
24 34 48.055512754639892 54.784609690826528 -2.4965711445529292e-05 6.6737320853632652e-05 
24 36 49.947331922020552 56.784609690826528 4.3073995662765823e-05 7.3546164187385195e-05 
24 38 51.849717690342551 58.784609690826528 5.1785378158269753e-05 7.7537319932214727e-05 
24 40 53.761226035642203 60.784609690826528 0.00013215894257927925 8.1788396310220233e-05 
24 42 55.68065933568311 62.784609690826528 7.3499290305120419e-05 8.0022932098621161e-05 
24 44 57.607017003965517 64.784609690826528 0.00010698164442508943 8.3833082960541182e-05 
24 46 59.539457296018853 66.784609690826528 5.2381104706940877e-05 7.5162608898824451e-05 
24 48 61.477267507411923 68.784609690826528 -0.00013730005158694861 7.5012436234793588e-05 
24 50 63.419840528729765 70.784609690826528 -7.3957624755236284e-05 7.7277945874758657e-05 
24 52 65.366656256505337 72.784609690826528 3.9803291717039107e-05 7.5442982119522929e-05 
24 54 67.31726674375733 74.784609690826528 -1.8689276651305397e-06 7.0534984554227113e-05 
24 56 69.271284253105421 76.784609690826528 -1.0754824150893885e-05 7.7267127322254415e-05 
24 58 71.228371579843383 78.784609690826528 -0.00010575210768619911 7.8386864858420507e-05 
24 60 73.188234163113421 80.784609690826528 -2.0020022506628717e-05 7.9832489143897008e-05 
26 2 26.152946437965905 26.305892875931811 0.00030665075368547124 7.7421992060969252e-05 
26 4 26.601470508735446 27.202941017470888 0.00023461635635625171 7.838002710933056e-05 
26 6 27.317821063276355 28.635642126552707 0.00013082077007277808 7.8662592068128316e-05 
26 8 28.264337522473745 30.516660498395407 0.00014669027060162853 7.2517123699860614e-05 
26 10 29.401219466856727 32.51666049839541 5.02405753050963e-05 6.7525268437729471e-05 
26 12 30.691806012954132 34.51666049839541 0.00010556413619359936 7.4301797001713926e-05 
26 14 32.104973174542799 36.51666049839541 8.9630373409167276e-06 7.7313727299909544e-05 
26 16 33.6155281280883 38.51666049839541 -4.8911955005202143e-05 7.9293803038763214e-05 
26 18 35.203603311174518 40.51666049839541 3.4745198642989726e-05 8.066987102542454e-05 
26 20 36.853720883753127 42.51666049839541 0.00013713981785875957 8.1627305878450847e-05 
26 22 38.553864678361279 44.51666049839541 6.0585066615800797e-05 7.8800452029304752e-05 
26 24 40.294688127912366 46.51666049839541 2.2543612017071046e-05 7.8222358195692234e-05 
26 26 42.068883707497264 48.51666049839541 5.550189485440151e-06 7.8784721230128568e-05 
26 28 43.870698080866262 50.51666049839541 -1.8609975589920011e-05 7.6631193012344177e-05 
26 30 45.695565448543633 52.51666049839541 -4.592908733956068e-05 7.9014688716616777e-05 
26 32 47.539832078341085 54.51666049839541 -3.1818058781447245e-05 7.283699309698379e-05 
26 34 49.400549446402593 56.51666049839541 5.5909660481199087e-05 7.026566965055432e-05 
26 36 51.275318418009277 58.51666049839541 0.00014149974723534278 7.1328901848326018e-05 
26 38 53.162171256046406 60.51666049839541 9.5361597273400155e-05 7.5552863923377889e-05 
26 40 55.059481689626182 62.51666049839541 0.00011082897017140071 7.2763867397363443e-05 
26 42 56.965895873961216 64.51666049839541 8.4446956982719547e-05 7.7559592187240143e-05 
26 44 58.880278987817846 66.51666049839541 0.00011270709224131022 7.312052136758473e-05 
26 46 60.801673610868477 68.51666049839541 5.7017178484309817e-05 7.0371534004966352e-05 
26 48 62.729267036625423 70.51666049839541 -8.4262638275504946e-05 7.8130663368736745e-05 
26 50 64.662365412357957 72.51666049839541 -0.00011704456116465936 8.3140614010040966e-05 
26 52 66.600373133029592 74.51666049839541 1.4463107348950091e-05 7.5375847510461308e-05 
26 54 68.542776307995268 76.51666049839541 3.2722340517779687e-05 7.9689377024183753e-05 
26 56 70.489129407219238 78.51666049839541 -3.6097261667125071e-05 7.8457035664561769e-05 
26 58 72.439044406854322 80.51666049839541 -8.2548261900039426e-05 8.001644853103477e-05 
26 60 74.392181912683313 82.51666049839541 -1.8490248859104125e-05 8.4044466557045504e-05 
28 2 28.142135623730951 28.284271247461902 0.00016622447907869943 7.1983096643518158e-05 
28 4 28.560219778561034 29.120439557122072 0.00012192955631662089 7.5987460517598979e-05 
28 6 29.231546211727817 30.463092423455635 7.1789884880959522e-05 7.4076965934534791e-05 
28 8 30.124515496597098 32.249030993194197 6.1191182221039612e-05 7.3742908521558223e-05 
28 10 31.204650534085253 34.248711305964285 1.6817318849620631e-05 7.2367754231735261e-05 
28 12 32.439088914585774 36.248711305964285 6.321524023781007e-05 7.7179565210876313e-05 
28 14 33.798989873223334 38.248711305964285 3.7891489346549291e-05 8.146177707520976e-05 
28 16 35.2602916254693 40.248711305964285 2.4366132166001366e-06 8.2120063076522785e-05 
28 18 36.803508501982762 42.248711305964285 -1.242102039638951e-05 8.0067841723529111e-05 
28 20 38.413111231467404 44.248711305964285 -1.8650726185148404e-05 7.9588959119136933e-05 
28 22 40.076809620810593 46.248711305964285 4.5290073648300501e-06 8.1450809409575959e-05 
28 24 41.784887978899604 48.248711305964285 9.3126810340317528e-05 7.9883762872721625e-05 
28 26 43.529646120466801 50.248711305964285 8.9064834607719591e-05 8.6005720871542473e-05 
28 28 45.304951684997057 52.248711305964285 8.5991830574189474e-05 7.4614014749610835e-05 
28 30 47.105890714493697 54.248711305964285 9.4211348169329152e-05 7.9315773027508808e-05 
28 32 48.928498393145958 56.248711305964285 0.00011600573929895959 7.1640612535217926e-05 
28 34 50.76955262170047 58.248711305964285 7.7079356320940173e-05 6.9741608683607893e-05 
28 36 52.626415831655933 60.248711305964285 7.0982003609802377e-05 7.347546226099776e-05 
28 38 54.496913462633174 62.248711305964285 2.8029090187020316e-05 7.5948699446313719e-05 
28 40 56.379240200834182 64.248711305964292 8.4679114342200157e-05 7.7745733871177608e-05 
28 42 58.271887242357309 66.248711305964292 0.00015974485364680854 8.4539533330195787e-05 
28 44 60.173585522460783 68.248711305964292 0.00013190771903742954 8.132104920540653e-05 
28 46 62.083261120685229 70.248711305964292 7.5969183836969347e-05 8.0055476512232062e-05 
28 48 64 72.248711305964292 -5.1072464826763128e-05 8.1275311169427827e-05 
28 50 65.923019942988674 74.248711305964292 -0.00011502265102374068 8.2334785341024662e-05 
28 52 67.851648071345039 76.248711305964292 -0.00012337041271588385 7.5616141625308014e-05 
28 54 69.785302723925412 78.248711305964292 -5.1340039037548252e-05 7.9576517495899728e-05 
28 56 71.723478758647246 80.248711305964292 -6.3911925128033174e-06 7.8054052807226211e-05 
28 58 73.665735560705201 82.248711305964292 -1.4359602806850025e-05 7.3397128558637926e-05 
28 60 75.611687202997445 84.248711305964292 -3.3512489251828802e-05 7.934511767991954e-05 
30 2 30.132745950421558 30.265491900843113 5.7653414831539608e-05 7.9787674383011091e-05 
30 4 30.524174696260026 31.048349392520048 2.5444711089350508e-05 8.1369830355896997e-05 
30 6 31.15549442140351 32.310988842807021 -2.7110959528500589e-06 7.4677296052865698e-05 
30 8 32 34 2.5983475723080268e-05 7.6549636630588933e-05 
30 10 33.027756377319946 35.98076211353316 1.8396561047339573e-05 7.4613265534041937e-05 
30 12 34.209372712298546 37.98076211353316 7.2222363585399486e-05 7.7221328082031633e-05 
30 14 35.518284528683196 39.98076211353316 2.1727276604120184e-05 7.3936178710111981e-05 
30 16 36.931712199461309 41.98076211353316 -4.064844024241789e-06 8.0378821851598558e-05 
30 18 38.430749027719962 43.98076211353316 -2.0031989847979602e-05 7.9455043243120148e-05 
30 20 40 45.98076211353316 -1.8240922123930106e-05 7.933167087609276e-05 
30 22 41.6270539113887 47.98076211353316 -3.4635140290330232e-05 8.3447114636162802e-05 
30 24 43.301943396169811 49.98076211353316 8.2306589536121548e-05 7.9854751291407759e-05 
30 26 45.016662039607269 51.98076211353316 0.00014941346079431792 8.5140488941134502e-05 
30 28 46.76476034853718 53.98076211353316 5.7034498613790579e-05 7.6892850277188402e-05 
30 30 48.541019662496844 55.98076211353316 7.2745082577850356e-05 7.6329209710005797e-05 
30 32 50.341194094144583 57.98076211353316 0.00012528440099672652 7.1016718242308808e-05 
30 34 52.161808352124091 59.98076211353316 8.3238147012259752e-05 7.3614502911789189e-05 
30 36 54 61.98076211353316 5.06631218741414e-05 7.8201812617631922e-05 
30 38 55.853396431630991 63.98076211353316 9.1643055724370298e-05 8.1738671693649034e-05 
30 40 57.720018726587654 65.98076211353316 0.0001038112031549488 8.1696382342608405e-05 
30 42 59.598206241955516 67.98076211353316 0.00010411040713594032 8.342953200844693e-05 
30 44 61.486557196677836 69.98076211353316 0.00014495966091045891 8.3054408769895884e-05 
30 46 63.383881613611777 71.98076211353316 0.0001078816867870894 8.12667304951399e-05 
30 48 65.289163842720626 73.98076211353316 -8.2387934747498991e-06 8.0087077852859936e-05 
30 50 67.201532544552748 75.98076211353316 -0.00010462038318546021 8.0750182305811043e-05 
30 52 69.120236510939236 77.98076211353316 -0.0001335691638223865 7.1890251004797423e-05 
30 54 71.044625076808217 79.98076211353316 -4.6309674152392059e-05 7.2445583284979712e-05 
30 56 72.974132162542986 81.98076211353316 -4.378282688124629e-05 7.2024594075797616e-05 
30 58 74.908263203000644 83.98076211353316 5.2065124059090112e-05 7.2024240600611605e-05 
30 60 76.846584384264901 85.98076211353316 1.7174893837246835e-05 7.6034537857428962e-05 
32 2 32.124515496597098 32.249030993194197 -1.2004274598823166e-05 8.3518130216125692e-05 
32 4 32.492422502470646 32.984845004941285 -0.00014074723446400316 7.9527995368495458e-05 
32 6 33.088007490635064 34.176014981270121 -7.7359680250418578e-05 7.1366517256791728e-05 
32 8 33.888543819998318 35.777087639996637 -2.8068070035819049e-06 7.2999832447439116e-05 
32 10 34.867962264113203 37.712812921102042 -2.6537467586039512e-05 7.6630488256685913e-05 
32 12 36 39.712812921102042 1.7316967002160232e-05 8.2004985674359349e-05 
32 14 37.2602916254693 41.712812921102042 2.4117278858160121e-05 7.6102849517790787e-05 
32 16 38.627416997969519 43.712812921102042 1.2269849919490032e-05 7.4651583252872039e-05 
32 18 40.083189157584592 45.712812921102042 -1.113031523883004e-05 8.2030578679132105e-05 
32 20 41.612496949731394 47.712812921102042 -1.3213050958039966e-05 7.7992493092666045e-05 
32 22 43.202941017470891 49.712812921102042 -2.9305005645057428e-05 7.7022615196169989e-05 
32 24 44.844410203711917 51.712812921102042 2.2882799898161138e-05 7.6856701188201697e-05 
32 26 46.528675044947491 53.712812921102042 4.924030048549051e-05 8.1675724619934348e-05 
32 28 48.249030993194197 55.712812921102042 2.187252018356924e-05 7.6355231235699381e-05 
32 30 50 57.712812921102042 0.00012630705167116887 7.9293622969065088e-05 
32 32 51.777087639996637 59.712812921102042 9.0909781270009902e-05 7.5492015556791168e-05 
32 34 53.576588456111871 61.712812921102042 0.00010496873642892945 7.6921962061128615e-05 
32 36 55.395431207184416 63.712812921102042 0.00013793973887240015 7.6438665764556998e-05 
32 38 57.231056256176608 65.712812921102042 0.0001090712892431298 7.6003766588942699e-05 
32 40 59.08131845707603 67.712812921102042 0.00010894833737017955 8.1055393198057327e-05 
32 42 60.944410108488462 69.712812921102042 0.00013219321282004871 8.6854533009674421e-05 
32 44 62.818799642878503 71.712812921102042 0.00016777029762329992 8.8513053223044689e-05 
32 46 64.703182647543684 73.712812921102042 0.00011458238336360164 8.3634710746833938e-05 
32 48 66.596442562694079 75.712812921102042 5.6246282827889692e-05 8.6367551567000062e-05 
32 50 68.497618993626759 77.712812921102042 -2.4805053201880134e-05 7.5883955977462561e-05 
32 52 70.405882034941783 79.712812921102042 -6.9249180610309735e-05 6.8564569000136453e-05 
32 54 72.320511361314885 81.712812921102042 -8.4608192762901321e-06 7.0255622163112544e-05 
32 56 74.240879114244137 83.712812921102042 1.2494966508680063e-05 7.0473738928058282e-05 
32 58 76.166435825965294 85.712812921102042 4.7002339991811175e-05 7.6264546558738142e-05 
32 60 78.096698785040104 87.712812921102042 4.3677866234308881e-05 8.0297795769695575e-05 
34 2 34.11724276862369 34.23448553724738 1.5197614848036962e-05 8.1108166601109329e-05 
34 4 34.464249196572979 34.928498393145958 -8.6976749091980315e-05 7.6267598930531032e-05 
34 6 35.027756377319946 36.055512754639892 -0.00010553857779209893 7.017475949429895e-05 
34 8 35.788294228055932 37.576588456111871 -5.1942901112730751e-05 6.8087149149995659e-05 
34 10 36.723082923316021 39.444863728670917 -3.6578878540129488e-05 7.6355604949720061e-05 
34 12 37.808652046684813 41.444863728670917 2.1024790205789966e-05 7.8971975128788358e-05 
34 14 39.022715545545239 43.444863728670917 8.8625502408662415e-05 7.5375949092494797e-05 
34 16 40.345235059857501 45.444863728670917 -1.0784160642200667e-05 7.4690660594899032e-05 
34 18 41.758836806279895 47.444863728670917 -7.5103069177115197e-05 7.8145419720284249e-05 
34 20 43.248809496813379 49.444863728670917 -0.00011341900626064904 7.2506087050201791e-05 
34 22 44.802877548915689 51.444863728670917 -0.00018950455206306281 7.472438715026707e-05 
34 24 46.410882339705481 53.444863728670917 -0.00013864455370679122 7.6371634354698982e-05 
34 26 48.064449134018133 55.444863728670917 -2.4736842990300078e-05 7.9884349080638117e-05 
34 28 49.756678708318397 57.444863728670917 4.3317882810721314e-05 7.8374537863126385e-05 
34 30 51.481879299133332 59.444863728670917 0.00012097443917037055 7.8203469734975916e-05 
34 32 53.235341863986875 61.444863728670917 0.00015730630563200485 7.7566933565961335e-05 
34 34 55.013155617496423 63.444863728670917 0.00016375908780927841 7.426880406821216e-05 
34 36 56.812058474788763 65.444863728670924 0.00024575816902978073 7.9758462154964002e-05 
34 38 58.629316592997299 67.444863728670924 0.0001858268623162629 7.6562920984354782e-05 
34 40 60.46262762420146 69.444863728670924 0.00021738860740185147 7.9389349218237168e-05 
34 42 62.310043036836767 71.444863728670924 0.00016349529271142082 7.8446944305376177e-05 
34 44 64.169905660283021 73.444863728670924 0.00010248943850733055 7.6140100340896005e-05 
34 46 66.040799340956909 75.444863728670924 6.88441343667591e-05 8.4758322574354601e-05 
34 48 67.921508225896062 77.444863728670924 -3.6427162299042718e-07 7.8985029823450191e-05 
34 50 69.810983706043572 79.444863728670924 -6.4089557134002252e-05 7.5865777210091905e-05 
34 52 71.708317466359716 81.444863728670924 -4.3680285005700323e-05 6.6382462731424469e-05 
34 54 73.612719418872643 83.444863728670924 7.2571630120089685e-05 7.0700927373227985e-05 
34 56 75.523499553598128 85.444863728670924 7.908781340199109e-05 7.5751749945601578e-05 
34 58 77.440052945046304 87.444863728670924 5.3596565368559267e-05 7.4845165425380187e-05 
34 60 79.361847310675458 89.444863728670924 1.4922728976959736e-05 7.7283702848890632e-05 
36 2 36.110770276274835 36.221540552549669 6.8590192862209471e-05 8.1899638149209551e-05 
36 4 36.439088914585774 36.878177829171548 -5.9820165925827846e-05 7.7025266219915215e-05 
36 6 36.973665961010276 37.947331922020552 -0.00015734779775763985 7.4422630467899174e-05 
36 8 37.697715603592208 39.395431207184416 -0.00015373938370126763 7.0673884709674355e-05 
36 10 38.591260281974002 41.182520563948003 -0.00016029384630369763 7.6206725115520832e-05 
36 12 39.633307652783941 43.176914536239799 -3.524405772303971e-05 7.7788681072282604e-05 
36 14 40.803508501982762 45.176914536239799 9.6461381584179697e-05 8.0498827699252603e-05 
36 16 42.083189157584592 47.176914536239799 6.3338980029619925e-05 7.1358799895610391e-05 
36 18 43.45584412271571 49.176914536239799 -6.3280336275060319e-05 7.4450376509544374e-05 
36 20 44.90724809414742 51.176914536239799 -8.3941591903051463e-05 7.3797642661568356e-05 
36 22 46.425340807103794 53.176914536239799 -0.000159743666233946 7.4915838389344314e-05 
36 24 48 55.176914536239799 -7.1216045100929682e-05 7.6485498901028776e-05 
36 26 49.622776601683796 57.176914536239799 -2.2023047743451132e-05 7.7599027829354273e-05 
36 28 51.286633954186478 59.176914536239799 4.3455635640645767e-05 8.6121532854982615e-05 
36 30 52.985711369071801 61.176914536239799 0.00010981394425873857 8.331716292034894e-05 
36 32 54.715119501371639 63.176914536239799 8.1708406317908787e-05 7.9055827553203788e-05 
36 34 56.470768123342687 65.176914536239792 0.0001322389846310899 8.0891888233239519e-05 
36 36 58.249223594996216 67.176914536239792 0.00017413662815529826 8.4465145598985002e-05 
36 38 60.047592083257278 69.176914536239792 0.00022642479806662507 8.4178642352314507e-05 
36 40 61.863424398922618 71.176914536239792 0.00014001321035840003 8.1141000012017298e-05 
36 42 63.694638635183452 73.176914536239792 7.1923383001710827e-05 7.9201372558188052e-05 
36 44 65.539457296018853 75.176914536239792 5.6417125948198877e-05 7.938230549520771e-05 
36 46 67.396356140913866 77.176914536239792 4.2222149511496692e-05 8.4977795139014076e-05 
36 48 69.264022471905179 79.176914536239792 -3.648387105189991e-05 7.839496369910135e-05 
36 50 71.141321022345693 81.176914536239792 2.1690971107440105e-05 7.7697457295768444e-05 
36 52 73.027265968790417 83.176914536239792 -2.5662936559459684e-05 6.9345428763464248e-05 
36 54 74.920997883030822 85.176914536239792 0.0001307913951241554 7.4187528707233064e-05 
36 56 76.821764679410961 87.176914536239792 6.3848522806949373e-05 8.3835018394574898e-05 
36 58 78.728905802755904 89.176914536239792 6.0810356427740332e-05 8.0529008936864541e-05 
36 60 80.641839053463301 91.176914536239792 -2.218085430830065e-06 7.6606424017043961e-05 
38 2 38.104973174542799 38.209946349085598 3.0027739679654548e-05 7.5178962624616931e-05 
38 4 38.416487838947603 38.832975677895199 -1.4887530222500251e-05 7.2717289765613714e-05 
38 6 38.924858845171272 39.849717690342551 -2.82208384050405e-05 7.273528118214922e-05 
38 8 39.6155281280883 41.231056256176608 -0.00010177353486690678 7.0389548057443022e-05 
38 10 40.470910553583892 42.941821107167776 -1.50537706992922e-05 7.0979200088203207e-05 
38 12 41.472205054244228 44.908965343808674 9.8180156479039888e-05 7.6061603756916873e-05 
38 14 42.60084744241189 46.908965343808674 5.3857138593640358e-05 8.1580208573230628e-05 
38 16 43.839484696748443 48.908965343808674 3.760175386136644e-05 7.7052654348842668e-05 
38 18 45.172504656604801 50.908965343808674 3.640871443910512e-05 8.1746882601166848e-05 
38 20 46.586228448267448 52.908965343808674 -8.9663727039094288e-06 7.9290284903456277e-05 
38 22 48.068883707497264 54.908965343808674 -0.00015024170076454154 7.6346878281502244e-05 
38 24 49.610455730027937 56.908965343808674 -3.1653726477520539e-05 8.3406296050681712e-05 
38 26 51.202484376209235 58.908965343808674 -2.1874946065045641e-05 8.2827579317311473e-05 
38 28 52.837848631377263 60.908965343808674 2.5522235381779806e-05 8.2011859547203431e-05 
38 30 54.510561809129406 62.908965343808674 0.00015597616427317129 8.3741388448428856e-05 
38 32 56.215588131856791 64.908965343808674 0.00018193078596723996 7.9055950497242757e-05 
38 34 57.948684188300895 66.908965343808674 3.3048561267866608e-05 7.9890526582765195e-05 
38 36 59.70626487409524 68.908965343808674 7.1239953828240959e-05 8.6486356582901524e-05 
38 38 61.485291572496003 70.908965343808674 4.785052963450031e-05 8.609033223921384e-05 
38 40 63.283179650969061 72.908965343808674 4.4757142875770011e-05 8.0124337868555149e-05 
38 42 65.097722286464432 74.908965343808674 1.6407037188631176e-05 7.6009186235852921e-05 
38 44 66.927027865287045 76.908965343808674 4.7794384968428971e-05 7.6014610561847345e-05 
38 46 68.769468552517225 78.908965343808674 -2.6186925702207969e-05 7.8338621238980974e-05 
38 48 70.623637996561229 80.908965343808674 3.8623178358750001e-06 8.0647006439294548e-05 
38 50 72.488316481265329 82.908965343808674 7.9515009804181816e-06 7.507146276202648e-05 
38 52 74.362442142665628 84.908965343808674 -2.6154378147790185e-05 7.6623519335070758e-05 
38 54 76.245087125446844 86.908965343808674 7.4435628673750158e-05 7.1284541280250348e-05 
38 56 78.135437767890068 88.908965343808674 2.412127554385143e-05 7.3393450783936471e-05 
38 58 80.032778078668514 90.908965343808674 -5.5442773550502349e-05 7.5594863398604492e-05 
38 60 81.936475910238244 92.908965343808674 -4.9856696103988753e-05 7.5660815169599157e-05 
40 2 40.09975124224178 40.19950248448356 4.2013401289700551e-05 7.5694779625362502e-05 
40 4 40.396078054371138 40.792156108742276 1.1476434415138144e-05 7.2248391354501936e-05 
40 6 40.880613017821105 41.761226035642203 -2.8203074778569097e-05 6.8489372678756278e-05 
40 8 41.540659228538019 43.08131845707603 -3.3512347740530368e-05 7.4358667951817238e-05 
40 10 42.360679774997898 44.721359549995796 -1.4899882754280565e-05 7.771269091014575e-05 
40 12 43.323807579381203 46.641016151377549 5.9920248595609378e-05 8.0168699461111259e-05 
40 14 44.413111231467404 48.641016151377549 1.3463415668280044e-05 7.9890852072325819e-05 
40 16 45.612496949731394 50.641016151377549 2.4440589979840003e-05 7.5653339311893635e-05 
40 18 46.90724809414742 52.641016151377549 2.9792522444650254e-05 7.5069109714277115e-05 
40 20 48.284271247461902 54.641016151377549 -1.8235060149948381e-07 8.6388243980302758e-05 
40 22 49.732137494637016 56.641016151377549 -2.3351942347635001e-05 8.3220157936284703e-05 
40 24 51.240998703626616 58.641016151377549 1.9939761447362835e-05 8.6419219580386114e-05 
40 26 52.802438933713454 60.641016151377549 -6.0126723143193765e-06 8.122696328819537e-05 
40 28 54.409301068170507 62.641016151377549 3.1698780876910375e-05 7.8683775886963868e-05 
40 30 56.055512754639892 64.641016151377556 0.00011405694416327188 7.6860019164575491e-05 
40 32 57.735924528226413 66.641016151377556 0.00010279342311721163 7.5435263511132902e-05 
40 34 59.446165846632042 68.641016151377556 9.2304285681991563e-07 7.9546930251478618e-05 
40 36 61.182520563948003 70.641016151377556 4.4211876603830771e-05 8.5148721661714658e-05 
40 38 62.941821107167776 72.641016151377556 9.4247339161737192e-06 8.3033435776724441e-05 
40 40 64.721359549995796 74.641016151377556 8.3500966891610464e-06 8.1689732940202464e-05 
40 42 66.518813398452039 76.641016151377556 -1.2088574780435792e-05 8.0346679152469648e-05 
40 44 68.332183894378289 78.641016151377556 1.4249497308626688e-05 7.3216693268061351e-05 
40 46 70.159744815937813 80.641016151377556 -1.6238829230490849e-05 7.6534968869308644e-05 
40 48 72 82.641016151377556 5.1257535137591636e-05 7.6535028701285961e-05 
40 50 73.851648071345039 84.641016151377556 3.5569212070069687e-05 7.4039022714653428e-05 
40 52 75.713553108736477 86.641016151377556 -9.8248181030128251e-05 7.1282056546506436e-05 
40 54 77.584720195551881 88.641016151377556 8.3728654951242731e-05 7.4187183491172112e-05 
40 56 79.464274989274031 90.641016151377556 8.8901296603629361e-05 7.4091918285756171e-05 
40 58 81.351446600711867 92.641016151377556 2.8640418365779971e-05 8.1935348541217271e-05 
40 60 83.245553203367592 94.641016151377556 -5.5883355855685746e-05 7.8262240888781853e-05 
42 2 42.095023109728984 42.190046219457976 6.9319021257740107e-05 7.4296240430193016e-05 
42 4 42.377558326431952 42.755116652863897 8.846173432896926e-05 7.5114589908523071e-05 
42 6 42.840329667841559 43.68065933568311 2.0483713393999902e-06 7.8008511259899436e-05 
42 8 43.472205054244228 44.944410108488462 6.7014960637180675e-05 8.1884673446992024e-05 
42 10 44.25940669922602 46.518813398452032 5.7034472351445585e-05 7.9620792701411727e-05 
42 12 45.186773244895647 48.373546489791295 -1.3891321009895638e-06 8.5439273618227718e-05 
42 14 46.238858928247922 50.373066958946424 1.4410701732192782e-06 7.7661058190283891e-05 
42 16 47.400757564888167 52.373066958946424 2.2091146467600122e-05 7.9084298586786593e-05 
42 18 48.658633371878665 54.373066958946424 3.7762588959482097e-05 7.5238978518132746e-05 
42 20 50 56.373066958946424 7.5106028968610018e-05 8.2104122949720594e-05 
42 22 51.413812651491099 58.373066958946424 4.0639876230890331e-05 8.1824055917888343e-05 
42 24 52.890437438203946 60.373066958946424 1.5662102272678533e-05 7.4760769675128667e-05 
42 26 54.421549934136806 62.373066958946424 2.2201694565064781e-05 7.4719686260438464e-05 
42 28 56 64.373066958946424 8.2525562881149826e-05 7.6426653252828584e-05 
42 30 57.61966684720111 66.373066958946424 0.00010106829668540045 7.350283130618371e-05 
42 32 59.275318418009277 68.373066958946424 7.7151920383899323e-05 7.2543396809778449e-05 
42 34 60.962482405376171 70.373066958946424 -4.0652399182202682e-06 7.8667383242050193e-05 
42 36 62.677331968349414 72.373066958946424 3.5589852279060004e-05 7.9995091751522093e-05 
42 38 64.416586692184822 74.373066958946424 -1.7077564482850195e-05 7.7651737541652133e-05 
42 40 66.177427992306065 76.373066958946424 -4.1881268879469655e-05 8.0001046218605191e-05 
42 42 67.957427527495582 78.373066958946424 1.3052970324960007e-05 8.2358147715159481e-05 
42 44 69.754486972995622 80.373066958946424 1.8840174476475408e-05 7.3505033895914987e-05 
42 46 71.566787519082126 82.373066958946424 6.1570883944310482e-07 7.3401558657474919e-05 
42 48 73.392747589718937 84.373066958946424 7.9610057306949637e-05 7.3994060026739327e-05 
42 50 75.230987451825001 86.373066958946424 -2.1356947056289389e-05 7.5328248490539202e-05 
42 52 77.080299571239806 88.373066958946424 -0.00012328550432364035 7.3661207749884758e-05 
42 54 78.939623747483893 90.373066958946424 -3.7350986794274345e-05 7.3796480458267812e-05 
42 56 80.808026217222718 92.373066958946424 9.6007762466946409e-05 7.4661481867391186e-05 
42 58 82.684682053164551 94.373066958946424 4.9403915137639578e-05 7.9496453465144977e-05 
42 60 84.568860301251277 96.373066958946424 -1.6672510691510048e-05 7.7582516739977688e-05 
44 2 44.090722034374522 44.181444068749045 6.4427585588409887e-05 7.2934643353795737e-05 
44 4 44.360679774997898 44.721359549995796 0.00010011689691096821 7.8417299549313243e-05 
44 6 44.803508501982762 45.607017003965517 4.0698424081052239e-05 8.4310239669131056e-05 
44 8 45.409399821439251 46.818799642878503 9.391353859796944e-05 8.571867477970887e-05 
44 10 46.166091947189145 48.332183894378289 7.2021028936660055e-05 8.4566579499687836e-05 
44 12 47.059928172283335 50.119856344566671 4.9982339078711835e-05 8.7248595521895566e-05 
44 14 48.076809620810593 52.105117766515306 5.3391381173593656e-05 8.3157233669416787e-05 
44 16 49.202941017470891 54.105117766515306 4.7179810938799432e-05 8.0298511517800863e-05 
44 18 50.425340807103794 56.105117766515306 1.7932815505348781e-05 7.3189305513103971e-05 
44 20 51.732137494637016 58.105117766515306 1.2875069501280198e-05 7.6468243824136527e-05 
44 22 53.112698372208087 60.105117766515306 5.6902550054740971e-05 8.2760338992212868e-05 
44 24 54.557641192199412 62.105117766515306 0.00010086657068983939 7.9879571584435706e-05 
44 26 56.058772731852805 64.105117766515306 4.0377075618057656e-05 7.9807422968747771e-05 
44 28 57.608987629529715 66.105117766515306 7.9798388194631101e-05 8.0537025772997416e-05 
44 30 59.20215047547655 68.105117766515306 8.3523579347859813e-05 7.8556868067253534e-05 
44 32 60.832975677895199 70.105117766515306 1.7121283711370052e-05 7.4725225285983174e-05 
44 34 62.496913462633174 72.105117766515306 6.5929383965400041e-05 7.9130840957787697e-05 
44 36 64.190046219457969 74.105117766515306 7.4814774018178753e-05 8.1466335664929278e-05 
44 38 65.908996800200299 76.105117766515306 -2.8117727953799791e-05 7.6718556880561731e-05 
44 40 67.650848842053307 78.105117766515306 2.5879601497648311e-05 8.2328021846853281e-05 
44 42 69.413078364518782 80.105117766515306 -6.6781518844729858e-05 8.1674446861120634e-05 
44 44 71.193495504995383 82.105117766515306 -3.4341399654108223e-06 6.9906652575069385e-05 
44 46 72.990195135927848 84.105117766515306 3.9665792482749678e-05 7.1256274636862999e-05 
44 48 74.801515129776334 86.105117766515306 7.0899913222610204e-05 7.5802830612511487e-05 
44 50 76.626001134990645 88.105117766515306 -0.0001293183212428778 7.8690579541604912e-05 
44 52 78.462376853972415 90.105117766515306 -7.2958999180928821e-05 7.2575747162341724e-05 
44 54 80.309518948453004 92.105117766515306 -6.5455751040510344e-05 7.406206911336947e-05 
44 56 82.166435825965294 94.105117766515306 0.00010860611033409029 7.3334035574745894e-05 
44 58 84.032249677083286 96.105117766515306 7.5480047576499952e-05 8.0012088756613108e-05 
44 60 85.906181234681839 98.105117766515306 2.9223381155370667e-05 7.6313367504815004e-05 
46 2 46.086792761230392 46.173585522460783 -1.4590762483364424e-05 7.385363306837375e-05 
46 4 46.345235059857501 46.690470119715009 -1.8134895024179607e-05 7.8390467150408268e-05 
46 6 46.769728648009426 47.539457296018853 1.0462112341491411e-05 7.948879214726763e-05 
46 8 47.351591323771842 48.703182647543684 -3.0822635994567135e-05 8.1010117069426973e-05 
46 10 48.079872407968907 50.159744815937813 3.2407836243919871e-05 8.0663675697944045e-05 
46 12 48.94224354214569 51.884487084291386 5.169861092028002e-05 8.1765189279479582e-05 
46 14 49.92582403567252 53.837168574084188 -1.1478422988580196e-05 8.1269299349827177e-05 
46 16 51.017851452243804 55.837168574084188 8.7183639801359958e-05 8.580878095751059e-05 
46 18 52.206163733020468 57.837168574084188 3.4447215384111056e-05 7.4233870773799968e-05 
46 20 53.479501308256346 59.837168574084188 7.726700188697089e-05 7.2442879540688296e-05 
46 22 54.827660925679098 61.837168574084188 0.00012982584115844072 7.476290312930577e-05 
46 24 56.241540277189323 63.837168574084188 3.6289881896757313e-05 8.0058536164318277e-05 
46 26 57.713109915419565 65.837168574084188 4.9958220607680525e-05 8.4453733520971108e-05 
46 28 59.235341863986875 67.837168574084188 7.5540934407720834e-05 8.1793418658504234e-05 
46 30 60.802116342871599 69.837168574084188 4.1674718823659986e-05 7.6886104695383584e-05 
46 32 62.408120990476064 71.837168574084188 -2.7413485975400319e-05 7.6956464449878689e-05 
46 34 64.048751503547578 73.837168574084188 3.849748166268304e-05 8.4815302518779525e-05 
46 36 65.720018726587654 75.837168574084188 5.7282274189899008e-05 8.1440302440344666e-05 
46 38 67.418464629025621 77.837168574084188 3.3349767089150902e-05 8.3438575755622659e-05 
46 40 69.141087980237302 79.837168574084188 4.3693842016009336e-05 8.688721952406937e-05 
46 42 70.885279575251516 81.837168574084188 -2.1450725623269468e-05 8.5651239952834861e-05 
46 44 72.648766349225639 83.837168574084188 -7.8122306423972139e-06 7.794400031784617e-05 
46 46 74.429563482495155 85.837168574084188 1.172726852557527e-05 7.5974268140063011e-05 
46 48 76.225933528685061 87.837168574084188 7.4996600153490352e-05 7.5297201861602203e-05 
46 50 78.036351623268047 89.837168574084188 -8.7168834665750228e-05 8.0003359081554136e-05 
46 52 79.859475903318 91.837168574084188 -2.0867606282681237e-05 7.2200182108969933e-05 
46 54 81.694122363316751 93.837168574084188 -3.5648594680899313e-05 7.3841848912394048e-05 
46 56 83.539243470661233 95.837168574084188 -1.7173535870523542e-05 8.3096295749074352e-05 
46 58 85.393909959225994 97.837168574084188 4.3827290164029007e-05 8.1257451859389611e-05 
46 60 87.257295305669373 99.837168574084188 9.2901005519540524e-05 7.634779402703071e-05 
48 2 48.083189157584592 48.166378315169183 -4.6179241224616989e-05 7.8070925539942745e-05 
48 4 48.331050121192874 48.662100242385755 -0.00010013514798743143 8.4953119972705081e-05 
48 6 48.738633753705962 49.477267507411923 -6.8012274689261638e-05 8.3745580064207678e-05 
48 8 49.29822128134704 50.596442562694072 -6.5593787338319982e-05 7.6890055637427829e-05 
48 10 50 52 -9.8931838730202354e-06 7.1304639081693294e-05 
48 12 50.832815729997478 53.665631459994955 2.3721953904180287e-05 7.7971484614019747e-05 
48 14 51.784887978899604 55.569219381653063 -6.4485462661215129e-06 7.8248178275955224e-05 
48 16 52.844410203711917 57.569219381653063 1.3417451350260139e-05 7.9666189837375142e-05 
48 18 54 59.569219381653063 -1.1197318129609888e-05 7.9433034843919169e-05 
48 20 55.240998703626616 61.569219381653063 -3.4546979959920669e-05 7.5499423372360109e-05 
48 22 56.557641192199412 63.569219381653063 -1.9508769764390687e-05 7.1703020198863579e-05 
48 24 57.941125496954278 65.569219381653056 -7.5392836617797928e-06 8.00173998177399e-05 
48 26 59.383612025908263 67.569219381653056 -1.4098694020638694e-05 8.8097544155475081e-05 
48 28 60.878177829171548 69.569219381653056 2.0492274024721936e-05 8.0944264194831258e-05 
48 30 62.418745424597091 71.569219381653056 1.1553638341727182e-05 8.4098742502688423e-05 
48 32 64 73.569219381653056 4.6247267159229776e-05 8.1284866832888105e-05 
48 34 65.617304093369626 75.569219381653056 5.978511605306091e-05 8.373646787605417e-05 
48 36 67.266615305567882 77.569219381653056 -3.0308397626290643e-05 8.0470620674372948e-05 
48 38 68.944410108488455 79.569219381653056 -5.9172430499310247e-05 8.1133675002010243e-05 
48 40 70.647615158762406 81.569219381653056 1.327324782834475e-05 8.7037888169880348e-05 
48 42 72.373546489791295 83.569219381653056 -3.8440694180137131e-07 8.3395993033499448e-05 
48 44 74.119856344566671 85.569219381653056 -4.5632544734257762e-05 7.8543570397131515e-05 
48 46 75.884487084291379 87.569219381653056 -4.4248935935039845e-05 8.0589361710309217e-05 
48 48 77.665631459994955 89.569219381653056 -3.9107137237690094e-05 7.5266978675815377e-05 
48 50 79.461698495448189 91.569219381653056 -4.6117148701939792e-05 7.2343189279139557e-05 
48 52 81.271284253105421 93.569219381653056 -3.4176187843441674e-05 7.3674407672059413e-05 
48 54 83.093146810776631 95.569219381653056 -0.00013913652028996087 7.7384561731476401e-05 
48 56 84.926184846911269 97.569219381653056 -4.4159003296819932e-05 8.4172913517977538e-05 
48 58 86.769419305900868 99.569219381653056 -9.3584497741092907e-05 8.1814540957255525e-05 
48 60 88.621977685614041 101.56921938165306 -5.8893989179110821e-05 8.1068499046832671e-05 
50 2 50.079872407968907 50.159744815937813 -5.430719851520189e-05 7.836716210522054e-05 
50 4 50.31797780234433 50.635955604688654 -4.8437312869280644e-05 8.3375486032491618e-05 
50 6 50.709920264364882 51.419840528729765 -4.1549336544604642e-05 8.022226775551186e-05 
50 8 51.248809496813379 52.497618993626752 -1.2301510411984169e-05 7.9976853923450784e-05 
50 10 51.92582403567252 53.851648071345039 8.7294467702822158e-05 7.1460301427036228e-05 
50 12 52.730849247724095 55.461698495448189 8.0618887259624827e-05 7.1850003006178868e-05 
50 14 53.653097563788805 57.30619512757761 7.5487649036400068e-05 7.3794972160940879e-05 
50 16 54.681644159311659 59.301270189221938 3.6913882553509431e-05 8.2986412616673638e-05 
50 18 55.805843601498722 61.301270189221938 -5.877334697413792e-05 7.7980343086195733e-05 
50 20 57.015621187164243 63.301270189221938 -6.6763565185242531e-05 7.8196970721886548e-05 
50 22 58.301651610693426 65.301270189221938 -2.0928114156875305e-05 8.6195017090440063e-05 
50 24 59.655446902326915 67.301270189221938 -4.5572953114020071e-05 8.1904162197194824e-05 
50 26 61.069377593742864 69.301270189221938 -7.7091417901200174e-05 9.2040997170175187e-05 
50 28 62.536648758246919 71.301270189221938 -9.9251769305460632e-05 8.6289846999778135e-05 
50 30 64.051248379533263 73.301270189221938 -7.533702294669886e-07 7.786697306036067e-05 
50 32 65.607881008493905 75.301270189221938 6.5343375866019592e-06 7.2865641045088975e-05 
50 34 67.201895692018383 77.301270189221938 -1.4985342086709752e-05 7.6750298621253304e-05 
50 36 68.829214001622262 79.301270189221938 -0.00011655732012611834 8.0083674249023854e-05 
50 38 70.486261662176645 81.301270189221938 -4.1017857733910235e-05 8.2096848813243645e-05 
50 40 72.169905660283021 83.301270189221938 1.2881241674710298e-05 7.954068891056034e-05 
50 42 73.877397639399746 85.301270189221938 -9.3666937620759768e-05 7.8946535451919145e-05 
50 44 75.606323715519977 87.301270189221938 -0.00011357625088676056 7.6502106889717448e-05 
50 46 77.354560450833702 89.301270189221938 -0.00010297686144232001 7.5204263398559481e-05 
50 48 79.120236510939236 91.301270189221938 -5.9151574372649326e-05 7.201898146292596e-05 
50 50 80.901699437494742 93.301270189221938 -0.0001061454917198838 7.0219891523049273e-05 
50 52 82.697486947006624 95.301270189221938 -0.00012992848225703817 7.3207692574383631e-05 
50 54 84.506302187247357 97.301270189221938 -0.00015592592160765907 7.7708630398781064e-05 
50 56 86.326992425847862 99.301270189221938 -5.2549562633528771e-05 7.7040632577324948e-05 
50 58 88.158530698552511 101.30127018922194 -6.6541503775797241e-05 7.3344841798204908e-05 
50 60 90 103.30127018922194 -4.0716806661001154e-05 7.5273027353173026e-05 
52 2 52.076809620810593 52.153619241621193 -3.114601895486509e-06 7.5810960522282447e-05 
52 4 52.305892875931811 52.611785751863621 -0.00010700614259935966 7.72207464378791e-05 
52 6 52.683328128252668 53.366656256505337 -7.1748853158759614e-05 7.5972169487025296e-05 
52 8 53.202941017470891 54.405882034941776 -5.6651906418439787e-05 7.3319216693027746e-05 
52 10 53.856776554368238 55.713553108736477 5.8201664599160055e-05 7.6021559851491388e-05 
52 12 54.63564212655271 57.271284253105414 9.3591764244999119e-05 7.1065752443401828e-05 
52 14 55.529646120466801 59.059292240933601 9.0368570802519928e-05 7.9840433620295088e-05 
52 16 56.528675044947491 61.033320996790813 -3.1034760608212835e-05 8.0621622990306816e-05 
52 18 57.622776601683796 63.033320996790813 -0.0001026680885267742 7.798197270819494e-05 
52 20 58.802438933713454 65.03332099679082 -0.00012479798778718801 8.3123927294181786e-05 
52 22 60.058772731852805 67.03332099679082 -5.5159161001560098e-05 8.5588659085869724e-05 
52 24 61.383612025908263 69.03332099679082 -4.0890913929979808e-05 8.4839026975583624e-05 
52 26 62.76955262170047 71.03332099679082 -2.5304007450007745e-07 8.549742287180883e-05 
52 28 64.209946349085598 73.03332099679082 -1.2551877631729167e-05 8.2727836556178031e-05 
52 30 65.698866482558415 75.03332099679082 -4.6007108534660238e-05 7.6015717089260201e-05 
52 32 67.231056256176601 77.03332099679082 -1.6906196422904235e-05 7.5272161094366396e-05 
52 34 68.801869118065383 79.03332099679082 -5.0926392680988813e-05 7.8034360013785038e-05 
52 36 70.407206622349037 81.03332099679082 -4.3042064956200228e-05 8.0288705635010927e-05 
52 38 72.043457732885344 83.03332099679082 -2.8225880905580883e-05 8.1699027329325087e-05 
52 40 73.707441767506253 85.03332099679082 -6.6808569064901458e-05 7.7125764535153045e-05 
52 42 75.396356140913866 87.03332099679082 -7.7674956097559023e-05 7.7221327623385952e-05 
52 44 77.107729356722558 89.03332099679082 -0.00011439636053898053 7.1307322430925628e-05 
52 46 78.839379254491632 91.03332099679082 -0.00013785241693838981 7.3917630069188071e-05 
52 48 80.589376255824732 93.03332099679082 -0.00010219825774811978 7.9170939391517091e-05 
52 50 82.356011214421486 95.03332099679082 -7.0520813416960669e-05 7.7265736008372778e-05 
52 52 84.137767414994528 97.03332099679082 -0.00016348302406289905 7.836901814969142e-05 
52 54 85.933296255086788 99.03332099679082 -0.00019716425739134714 7.877636216782571e-05 
52 56 87.741396161732524 101.03332099679082 -9.7345458664660286e-05 8.1619594989129965e-05 
52 58 89.560994328282817 103.03332099679082 -3.7614006800931294e-05 8.353878559423757e-05 
52 60 91.391130897087265 105.03332099679082 -5.5457931434853889e-05 7.1235241629209959e-05 
54 2 54.073972741361771 54.147945482723536 -4.2263381778118036e-05 7.5464958522596237e-05 
54 4 54.294688127912366 54.589376255824725 -2.9616889887167131e-05 7.6502069015347304e-05 
54 6 54.658633371878665 55.317266743757322 -9.8516091997629638e-05 7.3907737604942208e-05 
54 8 55.160255680657443 56.320511361314892 -9.305603801439881e-05 7.7437051550757557e-05 
54 10 55.792360097775941 57.584720195551874 1.0899779750739817e-05 7.8053101081483034e-05 
54 12 56.546573405388315 59.093146810776631 -9.7599972568899512e-06 7.5169929712844117e-05 
54 14 57.413812651491099 60.827625302982199 -7.2991212891792175e-06 7.7105137590611499e-05 
54 16 58.384709652950434 62.765371804359695 -0.00014184974039807072 7.3840149077590399e-05 
54 18 59.449961479175904 64.765371804359688 -8.7294814309481249e-05 7.7608935391514902e-05 
54 20 60.600595232822883 66.765371804359688 -7.3192754999099806e-05 7.6821875009197465e-05 
54 22 61.828149534535996 68.765371804359688 -6.3003340237541327e-05 8.0736655150496632e-05 
54 24 63.124783736376884 70.765371804359688 -3.8774490581997306e-05 8.2994281540695161e-05 
54 26 64.483329627982627 72.765371804359688 3.4501046357899609e-05 8.4561599905172473e-05 
54 28 65.897300677553446 74.765371804359688 -1.3536579562980282e-05 7.7666953173952851e-05 
54 30 67.360872141221137 76.765371804359688 -3.4739512305537511e-05 7.7027620372837187e-05 
54 32 68.868842830916634 78.765371804359688 -2.1023781552086014e-05 7.7550591754582294e-05 
54 34 70.416586692184822 80.765371804359688 2.5566059719941759e-05 8.1434713030154241e-05 
54 36 72 82.765371804359688 -6.5319080444414763e-05 7.8305360920757829e-05 
54 38 73.615448083226653 84.765371804359688 -3.543277345462135e-05 7.8530509540608514e-05 
54 40 75.259714048054619 86.765371804359688 -3.1104593123057239e-05 7.7474365277447867e-05 
54 42 76.929950931279706 88.765371804359688 -2.9379192903884036e-05 7.9066786847388533e-05 
54 44 78.623637996561229 90.765371804359688 -2.2611897057689857e-05 7.7810369743341185e-05 
54 46 80.338541412378348 92.765371804359688 -0.0001185147206868291 7.8800275918156369e-05 
54 48 82.072679252057455 94.765371804359688 -0.00016293054071176108 8.3402189582158781e-05 
54 50 83.824290580701486 96.765371804359688 -0.00019615815180707151 7.7998209422805711e-05 
54 52 85.591808301161009 98.765371804359688 -0.00019453464315707136 8.4867327658824483e-05 
54 54 87.373835392494328 100.76537180435969 -0.00013429124066604005 7.8609307384437571e-05 
54 56 89.169124169478209 102.76537180435969 -5.2640615818328396e-05 8.165457845101143e-05 
54 58 90.976558206893259 104.76537180435969 -1.8432816496448851e-05 8.2854737926123367e-05 
54 60 92.79513659838392 106.76537180435969 4.5523620022270712e-05 7.2231029605609597e-05 
56 2 56.071337695236394 56.142675390472796 -4.4473108985841062e-05 7.752181312207288e-05 
56 4 56.284271247461902 56.568542494923804 -7.0252788624872643e-06 7.5064372483821631e-05 
56 6 56.63564212655271 57.271284253105414 -3.3153923061664511e-05 7.6518359100317382e-05 
56 8 57.120439557122069 58.240879114244144 -0.00016339144016309381 7.9470568233273175e-05 
56 10 57.732137494637016 59.464274989274024 -0.00010367730608283082 8.3579626017058145e-05 
56 12 58.463092423455635 60.926184846911269 -2.7214003276266222e-05 7.314371762611439e-05 
56 14 59.304951684997057 62.609903369994115 -8.5166915671220099e-05 7.8450180035569551e-05 
56 16 60.249030993194197 64.498061986388393 -0.0001719037231509213 7.4232778406383069e-05 
56 18 61.286633954186478 66.49742261192857 -0.00011641769876522383 7.8586737882932743e-05 
56 20 62.409301068170507 68.49742261192857 -0.0001225822597347104 8.5041645999000388e-05 
56 22 63.608987629529715 70.49742261192857 -4.3503617820986123e-05 8.0036172871923866e-05 
56 24 64.878177829171548 72.49742261192857 2.9569163335709589e-05 8.263997386679048e-05 
56 26 66.209946349085598 74.49742261192857 8.3143686028067639e-06 8.8857087370972673e-05 
56 28 67.597979746446669 76.49742261192857 -5.115586695792073e-05 7.9178315442441488e-05 
56 30 69.036569057366393 78.49742261192857 -3.6560850531898221e-06 8.10536604371953e-05 
56 32 70.5205832509386 80.49742261192857 -7.4644554708779966e-05 8.1800298616633207e-05 
56 34 72.045431091090478 82.49742261192857 -2.3445043213172901e-05 7.5803633427341753e-05 
56 36 73.607017003965524 84.49742261192857 4.505571045145861e-05 8.3539735427781906e-05 
56 38 75.20169488482378 86.49742261192857 -4.7550932944530112e-05 8.2682149835678457e-05 
56 40 76.826222462934808 88.49742261192857 3.1816251578080086e-05 8.1587232692206991e-05 
56 42 78.477717856495843 90.49742261192857 7.2658401792429969e-05 8.2622917363736945e-05 
56 44 80.153619241621186 92.49742261192857 -6.0403913906599829e-05 8.1398822654493391e-05 
56 46 81.851648071345039 94.49742261192857 -0.00010751336302472973 7.9323643678610751e-05 
56 48 83.569775957799209 96.49742261192857 -6.5335466966279782e-05 7.7104808666751819e-05 
56 50 85.30619512757761 98.49742261192857 -0.00012509116826747496 7.5029687630537515e-05 
56 52 87.059292240933601 100.49742261192857 -5.2995567237271751e-05 7.6016068027367741e-05 
56 54 88.827625302982199 102.49742261192857 9.9304578688107661e-07 7.5343793663235352e-05 
56 56 90.609903369994115 104.49742261192857 1.0711736937228805e-05 7.8151635997334392e-05 
56 58 92.404968752418469 106.49742261192857 3.4772503490872264e-05 8.5100448891263118e-05 
56 60 94.211781428987393 108.49742261192857 5.4989371412587505e-05 8.1805147452600145e-05 
58 2 58.068883707497264 58.137767414994535 -3.092668564896843e-05 7.6940887559049238e-05 
58 4 58.274562336608895 58.54912467321779 5.4602836969426535e-05 7.3901159351196093e-05 
58 6 58.614185789921692 59.22837157984339 -9.507531698337578e-05 7.023645303082574e-05 
58 8 59.083217912982647 60.166435825965294 -2.0082672121307786e-05 7.8468059566562195e-05 
58 10 59.675723300355934 61.351446600711867 -3.660578315742716e-05 8.2771565747709054e-05 
58 12 60.384709652950434 62.769419305900861 4.7200069965220035e-05 7.1457592326316729e-05 
58 14 61.202484376209235 64.404968752418469 -6.1488127486929316e-05 7.7124446671683651e-05 
58 16 62.120990323358392 66.241980646716783 8.7723760992206248e-06 7.9476661883597717e-05 
58 18 63.132096331752024 68.229473419497452 -2.8419323349409477e-05 7.9263526968247579e-05 
58 20 64.227829907617064 70.229473419497452 -3.6696243753801501e-06 7.937325771721389e-05 
58 22 65.400549446402593 72.229473419497452 4.9855023479829825e-05 8.1841492539204102e-05 
58 24 66.643060449437428 74.229473419497452 -2.0265376090770685e-05 8.436572913975611e-05 
58 26 67.948684188300888 76.229473419497452 -3.6315640641743119e-06 9.1677465841616417e-05 
58 28 69.311288741492746 78.229473419497452 -6.2182767893301905e-05 8.5379591077631715e-05 
58 30 70.725292090050132 80.229473419497452 -3.0868832680530528e-05 8.0063493207755231e-05 
58 32 72.185645763378375 82.229473419497452 3.4787127893243573e-05 7.9302647889550868e-05 
58 34 73.687805943008669 84.229473419497452 -1.5158127710771054e-05 7.8790496067230394e-05 
58 36 75.227697325304888 86.229473419497452 8.5652722850605384e-06 7.3810813109032104e-05 
58 38 76.801673610868477 88.229473419497452 2.8469129875707507e-06 7.8377462207404578e-05 
58 40 78.406477308142499 90.229473419497452 -4.7808060920002961e-06 7.8253591355745633e-05 
58 42 80.039200620699376 92.229473419497452 3.4287967259079214e-05 8.448369480037374e-05 
58 44 81.697248505021591 94.229473419497452 -7.5264415532169603e-05 8.4776252886473199e-05 
58 46 83.378304497290088 96.229473419497452 -8.7623636349380536e-05 8.1437383968606923e-05 
58 48 85.080299571239806 98.229473419497452 -2.049445427405651e-05 7.7943668744810121e-05 
58 50 86.801384066473702 100.22947341949745 -1.7875554202939685e-05 7.5311302488714372e-05 
58 52 88.539902586416787 102.22947341949745 4.4649293076143255e-05 7.4712216147391718e-05 
58 54 90.294371682887828 104.22947341949745 0.00010922566119847286 7.8729946366806234e-05 
58 56 92.063460101710248 106.22947341949745 0.00010481238405318959 7.8465578078290777e-05 
58 58 93.845971347493901 108.22947341949745 0.00012782096230256186 8.2139550619348043e-05 
58 60 95.640828326184547 110.22947341949745 6.3813438239739332e-05 8.3097067335312884e-05
