2 2 3.4142135623730949 3.8637033051562732 0.60300951694000404 0.0010120539096040012 
2 4 5.2360679774997898 5.8186258223528196 0.36799633838000717 0.00092561291505381422 
2 6 7.16227766016838 7.7964485306340947 0.23712898786499906 0.0008539757692128632 
2 8 9.1231056256176615 9.7832925398917734 0.15772395915649903 0.00076069217591755221 
2 10 11.099019513592784 11.774591973880774 0.10721569592827425 0.00066537434740359975 
2 12 13.082762530298218 13.768413829546708 0.074110713353019567 0.00057592445439890567 
2 14 15.071067811865476 15.763801020436935 0.051802420267138695 0.0004882762890078225 
2 16 17.062257748298549 17.760225951327421 0.036480673086713322 0.00041924589569581434 
2 18 19.055385138137417 19.757374042935957 0.025893744255690722 0.00035987689112345782 
2 20 21.04987562112089 21.755046134236419 0.018443761616506224 0.0003195853919325803 
2 22 23.045361017187261 23.753110018122484 0.013125776242771951 0.00029881316469907235 
2 24 25.041594578792296 25.751474496876988 0.0093523160594109964 0.00027531895465769419 
2 26 27.038404810405297 27.750074630414634 0.0066124724422950533 0.00026386556143682624 
2 28 29.035668847618197 29.74886292320863 0.0047067154567649637 0.00025628177144507825 
2 30 31.03329637837291 31.747803836708655 0.0033290692768272409 0.00024913682097611354 
2 32 33.031219541881399 33.746870250208509 0.0024515582288815257 0.00022858521542705636 
2 34 35.029386365926399 35.746041108277765 0.0017229940941620894 0.00021047956898093356 
2 36 37.027756377319946 37.745299815274471 0.0012446380600529469 0.00020935113114518803 
2 38 39.02629759044045 39.744633114110314 0.00086860826478086313 0.00020715301821447126 
2 40 41.024984394500791 41.744030287042364 0.00053405051760900795 0.00020623526650143968 
2 42 43.023796041628643 43.743482575531019 0.00034658856823120281 0.00020543427117025706 
2 44 45.022715545545239 45.742982752178072 0.00024378862407039203 0.00020357123345596831 
2 46 47.021728866442672 47.742524800185599 0.00029286217699409827 0.00020766301411980382 
2 48 49.02082429892863 49.742103670096341 0.00022014478248505993 0.00020610603203376608 
2 50 51.019992006393608 51.741715092919826 0.0001469276693485943 0.00020315723069495295 
2 52 53.019223662515373 53.741355434964269 4.9023372164421542e-05 0.00019967853598217011 
2 54 55.018512172212596 55.741021583905678 -2.9814932064640126e-05 0.00019960559977693951 
2 56 57.017851452243804 57.74071085852438 -0.00013154421900220045 0.00021378399160076471 
2 58 59.017236257093813 59.74042093656513 -7.713647673240281e-05 0.00022804268072673474 
2 60 61.016662039607269 61.74014979661343 -0.00022088388307253741 0.00024923406719042177 
4 2 5.2360679774997898 5.8186258223528187 0.36804695569000279 0.00092116547911541883 
4 4 6.8284271247461898 7.7274066103125465 0.24174638884400243 0.00079803351695645222 
4 6 8.6055512754639896 9.6731183897258823 0.16232506326199919 0.00070488544869884429 
4 8 10.47213595499958 11.637251644705639 0.11047834558276187 0.00061370671444998636 
4 10 12.385164807134505 13.611834273996839 0.076143346808009091 0.00054052329708973866 
4 12 14.32455532033676 15.592897061268189 0.053041687591877308 0.00046412617564965149 
4 14 16.280109889280517 17.578249208150883 0.037313967623727774 0.00039116747271646449 
4 16 18.246211251235323 19.566585079783547 0.026433461140827518 0.00033240446660366219 
4 18 20.219544457292887 21.557079072661008 0.018800004124437483 0.00028312071530814918 
4 20 22.198039027185569 23.549183947761549 0.013466535090119294 0.00025469015738762834 
4 22 24.180339887498949 25.54252280151789 0.0096543383253409921 0.00023025947119810947 
4 24 26.165525060596437 27.536827659093415 0.0068513344626350992 0.00020891576532366807 
4 26 28.152946437965905 29.531902816905706 0.0047999613618675066 0.00020208068911070306 
4 28 30.142135623730951 31.52760204087387 0.0034346917229991021 0.00019256979985333492 
4 30 32.132745950421558 33.523813877723775 0.0024293343788167813 0.00019006602280300178 
4 32 34.124515496597098 35.520451902654841 0.0018492102019361596 0.00017075758165569787 
4 34 36.11724276862369 37.517448071922047 0.0012935480195498258 0.00016593112235308531 
4 36 38.110770276274835 39.514748085871915 0.00093834397986074919 0.00015883591287840413 
4 38 40.104973174542799 41.512308087487369 0.00068418263112134798 0.00016342497895473792 
4 40 42.09975124224178 43.510092268472839 0.00040398255279200851 0.00015669451624109794 
4 42 44.095023109728984 45.508071104712521 0.00022092923828462993 0.00016233238856950863 
4 44 46.090722034374522 47.506220036244969 8.8223085877446239e-05 0.00017007321487598367 
4 46 48.086792761230392 49.504518466425601 0.00011928799998887413 0.00017048754489337441 
4 48 50.083189157584592 51.502948993753975 0.00014348986952148222 0.00016330466792328146 
4 50 52.079872407968907 53.50149681563849 0.00013521515919939948 0.00015749067490929724 
4 52 54.076809620810593 55.500149260829268 0.00013001733798524974 0.00015437908199212731 
4 54 56.073972741361771 57.498895419258943 2.5356692131920166e-05 0.00015719004644569799 
4 56 58.071337695236394 59.497725846417261 -3.1679066193000353e-05 0.00017067724414878985 
4 58 60.068883707497264 61.496632325323141 -0.00014780586573384018 0.00017362623005664661 
4 60 62.06659275674582 63.495607673417311 -0.00019678227276460883 0.00018713111340660002 
6 2 7.16227766016838 7.7964485306340947 0.23705737017699893 0.00082252110116744833 
6 4 8.6055512754639896 9.6731183897258823 0.16224118212200012 0.00068499938110176304 
6 6 10.242640687119284 11.59110991546882 0.11261147942640022 0.00059006814766265675 
6 8 12 13.532865135044617 0.078466474941642134 0.00050687919558372566 
6 10 13.830951894845301 15.489449585254237 0.054964834135572127 0.00044417489061278131 
6 12 15.708203932499369 17.455877467058457 0.03866290715337161 0.00038352751412034476 
6 14 17.615773105863909 19.4291602452547 0.02740323287674918 0.0003227814348294826 
6 16 19.544003745317532 21.407402400258938 0.019512579780311838 0.00028249372625516569 
6 18 21.486832980505138 23.389345591902281 0.013939314340308179 0.00024113014837028613 
6 20 23.440306508910552 25.37412258400801 0.0099450609233965592 0.00021260904549330725 
6 22 25.401754250991381 27.361116691375955 0.0071644164589546788 0.00018690075283076405 
6 24 27.369316876852981 29.349877619675318 0.0050760063472984679 0.00017056452757909147 
6 26 29.341664064126334 31.340069016847181 0.0035873078146134111 0.00016360975850201228 
6 28 31.317821063276355 33.331434647665127 0.0025809938841155661 0.00016417931885363927 
6 30 33.297058540778352 35.323775921642323 0.00194358107461299 0.00016344612109973856 
6 32 35.278820596099706 37.316936571123094 0.0015393880567973063 0.00015097289577132087 
6 34 37.262676501632072 39.310791962819209 0.0010716072538814795 0.00013907504804232964 
6 36 39.248287590894662 41.305241488640121 0.00072804545178334682 0.00013709339306824489 
6 38 41.23538406167134 43.300203049474305 0.0004179612035399824 0.00013431357980625604 
6 40 43.223748416156681 45.295608990458774 0.00023874312347571538 0.00013296515312474316 
6 42 45.213203435596427 47.291403061310803 0.0001076689232981064 0.00014280867904472997 
6 44 47.203603311174518 49.287538112571454 3.060388567082853e-06 0.00014708386865291425 
6 46 49.194827009486403 51.283974328136956 2.1263539008584133e-08 0.00013908235538004151 
6 48 51.186773244895647 53.280677853982269 5.193248542739025e-05 0.00013763997059558378 
6 50 53.179356624028344 55.277619723271947 4.0655035180950739e-05 0.00013587871973294306 
6 52 55.172504656604801 57.274775005769243 -2.2691981108660236e-05 0.00013645439451889405 
6 54 57.166155414412245 59.272122128807879 -4.336745142544609e-05 0.00014142344139106414 
6 56 59.160255680657443 61.269642330791704 -6.7843376167850227e-05 0.00014493457446113615 
6 58 61.154759474226502 63.2673192180131 -0.00015897646249425095 0.00014446961356225356 
6 60 63.14962686336267 65.265138402709255 -0.00018243843646275924 0.00015140708983924558 
8 2 9.1231056256176615 9.7832925398917734 0.15760307159970194 0.00073583234373572723 
8 4 10.47213595499958 11.637251644705637 0.11039113343678071 0.00059401172385817346 
8 6 12 13.532865135044617 0.078391518012933176 0.00050351961795571125 
8 8 13.65685424949238 15.454813220625093 0.055696685413348199 0.00042626998753046805 
8 10 15.403124237432849 17.394368761340843 0.039582393744516414 0.00036901765815634092 
8 12 17.211102550927979 19.346236779451765 0.028201181768141997 0.0003184032920820083 
8 14 19.062257748298549 21.30703382565753 0.020184500973592805 0.00027421240972861179 
8 16 20.944271909999159 23.274503289411278 0.014482167271793271 0.00024030998210403866 
8 18 22.848857801796104 25.247085302860572 0.010404923502705792 0.00020389171851750698 
8 20 24.770329614269009 27.223668547993679 0.0073967947357136722 0.00018140461561007339 
8 22 26.704699910719626 29.203440587234276 0.0053220541566684825 0.00016300415651880769 
8 24 28.64911064067352 31.185794122536379 0.0038704389333785844 0.00014967558307387864 
8 26 30.601470508735446 33.170266323536303 0.0027323468860514662 0.00014457255042794623 
8 28 32.560219778561034 35.156498416301766 0.0021140161462272385 0.00013916646733106989 
8 30 34.524174696260026 37.144208079006482 0.0016210606433350325 0.00013794446952738833 
8 32 36.492422502470646 39.133170159567094 0.0012492242976057388 0.00013243206792010894 
8 34 38.464249196572979 41.123202935310552 0.00091068685498656664 0.0001277558249931696 
8 36 40.439088914585774 43.114158145322016 0.00057745176659650067 0.00012610549068533774 
8 38 42.416487838947603 45.105913642236963 0.00028697548766866632 0.00012243647148658731 
8 40 44.396078054371138 47.098367895523097 0.00016307583732504962 0.00012408375207165491 
8 42 46.377558326431952 49.091435824827357 6.8265552821510247e-05 0.00012846265800509597 
8 44 48.360679774997898 51.08504560303578 3.8102647316264125e-06 0.00013249116700664193 
8 46 50.345235059857501 53.079136175952854 -4.0101765386008947e-05 0.00012728108271151128 
8 48 52.331050121192874 55.07365531818683 -6.9431683047110497e-05 0.00012981913815724323 
8 50 54.31797780234433 57.068558094869985 -8.5946613947599719e-06 0.00012701999405925632 
8 52 56.305892875931811 59.063805633811413 -2.398874761923036e-05 0.00012921515330306473 
8 54 58.294688127912366 61.059364137450324 -4.6313261909192801e-05 0.00013492079408913537 
8 56 60.284271247461902 63.055204081747739 -9.5285929426414974e-05 0.00013370813107591891 
8 58 62.274562336608895 65.051299562053003 -0.0001954853489686867 0.00013359718550152061 
8 60 64.265491900843116 67.04762775544755 -0.00022832835056347202 0.00014240776453857404 
10 2 11.099019513592784 11.774591973880774 0.10703734987015222 0.00063909779041096024 
10 4 12.385164807134505 13.611834273996838 0.075894087580262171 0.00050348423361276163 
10 6 13.830951894845301 15.489449585254238 0.054813951558090636 0.00041925045253925458 
10 8 15.403124237432849 17.394368761340843 0.03955967626906793 0.00035409387081626397 
10 10 17.071067811865476 19.318516525781369 0.028480130979597607 0.00030410797214035061 
10 12 18.810249675906654 21.256671821060451 0.020541975019236131 0.00026157752314724534 
10 14 20.602325267042627 23.205325101356429 0.014764266210913684 0.00022843877725086981 
10 16 22.433981132056601 25.162037461442196 0.010643271439560568 0.00020602655700719115 
10 18 24.295630140987001 27.125064891395155 0.0077216501152501437 0.00017303411961627858 
10 20 26.180339887498949 29.093129111764092 0.0055833886959847992 0.00015874781062382508 
10 22 28.083045973594572 31.065272856763272 0.0039731392310973761 0.00014514732674860675 
10 24 30 33.040765636052242 0.0029488672784327226 0.00013692456566971224 
10 26 31.928388277184119 35.019040677435868 0.0020507242622400785 0.00012882617427675491 
10 28 33.866068747318508 36.999651702675337 0.0017172785249226882 0.00011820312807358079 
10 30 35.811388300841898 38.982242653170474 0.0012683665984227141 0.00011707058312128211 
10 32 37.763054614240211 40.966526072173131 0.00099435932731171375 0.00011543215081031008 
10 34 39.720045146669349 42.952267397349559 0.00073640457983009666 0.00012187372691648274 
10 36 41.681541692269406 44.939273366675565 0.0004544978533409103 0.00012523263322409086 
10 38 43.646882704388503 46.927383337196346 0.00024402604538643257 0.00012790755170909998 
10 40 45.6155281280883 48.916462699458869 0.00013572809698556758 0.00012570371101976342 
10 42 47.587033144922898 50.906397821677864 -2.2676331285460667e-05 0.00011947925905433698 
10 44 49.561028345356959 52.897092125468539 -8.4205659198969835e-05 0.00012262919649612839 
10 46 51.537204591879643 54.888463008920951 -0.00011865472776825924 0.00012225093692222688 
10 48 53.515301344262525 56.880439411392217 -4.3357715659329695e-05 0.0001249190824632592 
10 50 55.495097567963924 58.872959869403871 -1.0171158787589063e-05 0.00012526468810285273 
10 52 57.476404589747453 60.865970952050176 4.2736523883489675e-05 0.0001354043463923681 
10 54 59.459060435491963 62.859425992345756 1.1370559150910082e-05 0.00012781994982580264 
10 56 61.442925306655781 64.853284051299752 1.3792671278020896e-05 0.00012428042547256562 
10 58 63.427877939124322 66.84750906645624 -0.0001145182349650201 0.0001299992837761518 
10 60 65.413812651491099 68.842069147733554 -0.00021261472730716254 0.00013524598095346216 
12 2 13.082762530298218 13.768413829546708 0.073693514100052468 0.0005414263645796988 
12 4 14.32455532033676 15.592897061268189 0.052765545266040173 0.00043070634233577696 
12 6 15.708203932499369 17.455877467058457 0.038415529052142447 0.00035289759458418356 
12 8 17.211102550927979 19.346236779451765 0.028089714664348536 0.00029897023347546451 
12 10 18.810249675906654 21.256671821060447 0.020483884444541283 0.00025950187167063274 
12 12 20.485281374238568 23.18221983093764 0.014885442347073886 0.00022612126347010955 
12 14 22.219544457292887 25.119405559677787 0.010770776787099838 0.00019985610839835796 
12 16 24 27.065730270089233 0.0078374189845046779 0.00018077742788816673 
12 18 25.81665382639197 29.019355169177651 0.0057807433119134565 0.00015433831490879355 
12 20 27.661903789690601 30.978899170508473 0.0041966644404538523 0.00014008715418659535 
12 22 29.529964086141668 32.943306045358952 0.0029637043426459031 0.00013486045383369981 
12 24 31.416407864998739 34.911754934116914 0.0022162968153994354 0.00012886045260179093 
12 26 33.317821063276355 36.883598685072606 0.0016597390259081456 0.00012095822971200743 
12 28 35.231546211727817 38.858320490509399 0.0013235015276732258 0.00011688245284984659 
12 30 37.15549442140351 40.835502821990517 0.001006912322897341 0.00011596055921517201 
12 32 39.088007490635064 42.814804800517877 0.00082331237654634411 0.00011465555536682705 
12 34 41.027756377319946 44.795945458133843 0.00060791307378509193 0.00011083966845695904 
12 36 42.973665961010276 46.778691183804561 0.00038805930134485684 0.00011586576265473239 
12 38 44.924858845171272 48.762846186942454 0.00020090648201925013 0.00012493103897088064 
12 40 46.880613017821105 50.74824516801602 0.00011201700755529948 0.00012815444500924219 
12 42 48.840329667841559 52.734747624452652 -2.4848482260219972e-05 0.00011774295424085881 
12 44 50.803508501982762 54.722233382751909 -5.1433740485929871e-05 0.00011881991163454162 
12 46 52.769728648009426 56.710599060299309 -3.7529324738439744e-05 0.00011645332988021158 
12 48 54.738633753705962 58.699755239350637 -9.3347830314352185e-05 0.0001284368814806464 
12 50 56.709920264364882 60.68962419179514 -5.9440372614983643e-06 0.00012665296206469239 
12 52 58.683328128252668 62.680138033694362 8.392351332111103e-05 0.00013040649560058364 
12 54 60.658633371878665 64.67123721798302 0.00010884800641523 0.00012596113262789958 
12 56 62.63564212655271 66.662869295330253 4.3755707091160157e-05 0.00012414647699356799 
12 58 64.614185789921692 68.654987889212663 -8.4116578700710025e-05 0.00013006064254333387 
12 60 66.594117081556703 70.647551843284646 -0.00014133656677727942 0.00013298443421512699 
14 2 15.071067811865476 15.763801020436935 0.051280596585819682 0.00045587644842190716 
14 4 16.280109889280517 17.578249208150883 0.036900351098079612 0.00035620810964967844 
14 6 17.615773105863909 19.4291602452547 0.027211281849072125 0.00030485271208196998 
14 8 19.062257748298549 21.30703382565753 0.019883743936945471 0.00025666204200298833 
14 10 20.602325267042627 23.205325101356429 0.014647543934676309 0.00023160081955124527 
14 12 22.219544457292887 25.119405559677787 0.010799477983665266 0.0002007860817249349 
14 14 23.899494936611667 27.045923136093911 0.0080127627274326294 0.00017946424984227412 
14 16 25.63014581273465 28.982397776847733 0.0058764051021324669 0.00015988014903281801 
14 18 27.401754250991381 30.926959170072916 0.0042934742779688166 0.00013882082919827439 
14 20 29.206555615733702 32.878172487522562 0.0030916499369063799 0.00013143160858296784 
14 22 31.038404810405297 34.834919961601955 0.0022461819054105819 0.00012727698344749453 
14 24 32.892443989449802 36.796318719990765 0.0017040040258854746 0.00012011677055079586 
14 26 34.764823060233397 38.761662683056713 0.0012462170322013345 0.00011754811264180735 
14 28 36.652475842498532 40.730380756469728 0.0010273003479661519 0.00011978148242021608 
14 30 38.552945357246848 42.702006266438211 0.00074080831470484695 0.00012093953263014289 
14 32 40.464249196572979 44.676154286049027 0.00060853953793308096 0.00012095956608614933 
14 34 42.384776310850235 46.652504588744058 0.00045236378751342557 0.00011085953413806589 
14 36 44.313207915827967 48.630788673583261 0.00028474934099612765 0.00011112034921883398 
14 38 46.248456731316587 50.610779776907634 0.00011087538408464714 0.0001217590623481135 
14 40 48.189620100417088 52.592285101890859 2.8897660596369152e-05 0.00012087052305497433 
14 42 50.135943621178654 54.575139714438663 -9.5079498794777917e-05 0.00011250589536977262 
14 44 52.086792761230392 56.559201704607084 -0.00010808621757573032 0.00010935043435050115 
14 46 54.041630560342611 58.544348318811757 -0.00011465640106147816 0.00011133378005132575 
14 48 56 60.530472843736206 -0.00016168921941236893 0.00011772105922851557 
14 50 57.961509971494337 62.517482077401475 -5.9334539212300364e-05 0.00012068405384522277 
14 52 59.92582403567252 64.505294262642835 -1.4578692139003941e-05 0.00011999176219106853 
14 54 61.892651361962706 66.493837387550968 3.4310793668520412e-05 0.0001157279892576962 
14 56 63.861739379323623 68.483047779242412 8.8665466711619091e-05 0.00011780201327307733 
14 58 65.832867780352601 70.472868933696233 -2.1414436115302825e-05 0.00012269085780969587 
14 60 67.805843601498722 72.463250536791804 -0.00018810679549389827 0.00013176878247954174 
16 2 17.062257748298549 17.760225951327424 0.035989137295653853 0.00040198228902245446 
16 4 18.246211251235323 19.566585079783547 0.026009139277166537 0.00032063271145605054 
16 6 19.544003745317532 21.407402400258938 0.019284218433580035 0.00027007005394320523 
16 8 20.944271909999159 23.274503289411275 0.014153702847911568 0.00023264761644338497 
16 10 22.433981132056601 25.162037461442196 0.01055559142984981 0.00020390590926933685 
16 12 24 27.065730270089233 0.0078351789687699132 0.00017775067020562457 
16 14 25.63014581273465 28.982397776847733 0.0058927680913667766 0.0001615077078042015 
16 16 27.313708498984759 30.909626441250186 0.0042820895057519032 0.00014360954858200168 
16 18 29.041594578792296 32.845557273090023 0.0031274408709774906 0.00013043383822910169 
16 20 30.806248474865697 34.788737522681686 0.0022184514707858931 0.00012612913593263814 
16 22 32.601470508735446 36.738016879851372 0.0016216094013177698 0.00012771161861554919 
16 24 34.422205101855958 38.692473558903529 0.0011835029774441258 0.00012182365848825427 
16 26 36.264337522473745 40.651360812999272 0.00088447021049736113 0.00011529912684201144 
16 28 38.124515496597098 42.614067651315061 0.00069254008575683887 0.00010823387936313554 
16 30 40 44.580089587539646 0.00047793849735359198 0.00011182717655307942 
16 32 41.888543819998318 46.549006578822556 0.00034781223864060708 0.00011754954449666308 
16 34 43.788294228055932 48.520466190232227 0.00026576585787380162 0.00011651840791689082 
16 36 45.697715603592208 50.494170605721145 0.00011885255671686947 0.00011124285800951279 
16 38 47.6155281280883 52.469866504517412 -1.7576761500543716e-05 0.00012043110622025422 
16 40 49.540659228538019 54.447337095987358 -7.3783111209310134e-05 0.00012348243633170545 
16 42 51.472205054244228 56.426395797412802 -0.00014746148425373001 0.00011658956616416434 
16 44 53.409399821439251 58.406881174468552 -0.00018221536460055851 0.00011565687644268423 
16 46 55.351591323771842 60.388652861035851 -0.00013851480104271559 0.00011602178515826324 
16 48 57.29822128134704 62.371588245072758 -0.00015936385787322183 0.00012551417119049862 
16 50 59.248809496813379 64.355579758519013 -1.759018974285234e-05 0.00012654573062451834 
16 52 61.202941017470891 66.340532647072607 9.341958430861997e-05 0.00012072400649465994 
16 54 63.160255680657443 68.326363123903434 0.00014630323117101842 0.0001098173916804133 
16 56 65.120439557122069 70.312996832603531 0.0001469412149205318 0.00011237937950460861 
16 58 67.083217912982647 72.300367560780202 7.0167972041021263e-05 0.00011227073971522753 
16 60 69.048349392520052 74.288416158012964 -2.2214984027038978e-05 0.00013026517037573361 
18 2 19.055385138137417 19.757374042935957 0.025513405937727728 0.00035184683291349496 
18 4 20.219544457292887 21.557079072661004 0.018454329768498055 0.00027523184872637842 
18 6 21.486832980505138 23.389345591902281 0.013763805237832211 0.00023371060514845753 
18 8 22.848857801796104 25.247085302860572 0.0100863292258198 0.00020543094154642323 
18 10 24.295630140987001 27.125064891395155 0.0075723987325940394 0.00017879660765082633 
18 12 25.81665382639197 29.019355169177651 0.0056168472502441174 0.00015614849817428546 
18 14 27.401754250991381 30.926959170072912 0.0041867616386800826 0.00014050150826550945 
18 16 29.041594578792296 32.845557273090023 0.0030217730167506141 0.00013184131475220127 
18 18 30.727922061357855 34.773329746406461 0.0021031145520654182 0.00013134746233941244 
18 20 32.45362404707371 36.708831236158908 0.0014770604850357404 0.00012571975131724916 
18 22 34.212670403551897 38.650900633714542 0.0010618803106905198 0.00012069884548137486 
18 24 36 40.59859540513385 0.00076919966239559772 0.00011495227315957777 
18 26 37.811388300841898 42.55114308619963 0.00052063281328146825 0.00011305632762079749 
18 28 39.643316977093235 44.507904994671613 0.00045209877233049481 0.0001114447392431122 
18 30 41.492855684535897 46.468348755762712 0.00031032461795021406 0.00011320393432357757 
18 32 43.357559750685823 48.432027266672137 0.00019254893058790536 0.00011744164338789801 
18 34 45.23538406167134 50.39856242227701 0.00012895404263530165 0.00011363455516276304 
18 36 47.124611797498105 52.367632401175371 5.3645972103148695e-05 0.00011571557114052111 
18 38 49.023796041628643 54.338961642426625 4.5455895483271061e-07 0.00012334267520176689 
18 40 50.931712199461309 56.31231287604507 -8.6722675290603601e-05 0.0001225237369846221 
18 42 52.847319317591726 58.287480735764099 -0.0001368293660996592 0.00011741047311618008 
18 44 54.769728648009426 60.26428660155657 -6.4981227288260946e-05 0.00011596555186127329 
18 46 56.698178070456933 62.242574405844032 -6.2519634272340096e-05 0.00011757163429953045 
18 48 58.632011235952589 64.222207200776822 -0.0001137708260777219 0.00012637522728004829 
18 50 60.570660511172846 66.203064330980851 7.6030198945708471e-06 0.00012433957022482377 
18 52 62.513632984395208 68.185039091317293 3.8416557151231346e-05 0.00011652506863682661 
18 54 64.460498941515411 70.168036775706852 0.00011345003640926947 0.0001053773840795503 
18 56 66.410882339705481 72.151973043219186 0.0001663770303431204 0.00010858827717707983 
18 58 68.364452901377945 74.13677254306333 5.7262306113911415e-05 0.00011565920580424933 
18 60 70.320919526731643 76.122367752024033 -3.0741362031109649e-05 0.00011978497153352734 
20 2 21.04987562112089 21.755046134236419 0.018181146727851059 0.00030315481931685777 
20 4 22.198039027185569 23.549183947761549 0.013149218367002127 0.00023909366030631013 
20 6 23.440306508910552 25.374122584008013 0.0098341342179847965 0.00020932324064750092 
20 8 24.770329614269009 27.223668547993675 0.0072116356384427528 0.00018457653714716262 
20 10 26.180339887498949 29.093129111764096 0.0054999033259475263 0.00016499982718330149 
20 12 27.661903789690601 30.978899170508477 0.0040649860703063315 0.00014541993896539129 
20 14 29.206555615733702 32.878172487522562 0.0029442607519103007 0.00014194071871844092 
20 16 30.806248474865697 34.788737522681686 0.0019774413919064933 0.00012937662610102723 
20 18 32.45362404707371 36.708831236158908 0.001335622131181467 0.00013269086858169786 
20 20 34.142135623730951 38.637033051562739 0.00098918842527895116 0.00011810490227152394 
20 22 35.866068747318508 40.572186967555808 0.00071866664625779377 0.00010978460736207702 
20 24 37.620499351813308 42.513343642120901 0.00055151968649923299 0.00010130345155066222 
20 26 39.40121946685673 44.459716822487934 0.000336398797610196 0.00011138020143360784 
20 28 41.204650534085253 46.410650202712858 0.00023738662166329901 0.00011735899109368765 
20 30 43.027756377319946 48.365591948629415 0.00020060926257524158 0.00011358361930758521 
20 32 44.867962264113203 50.324074922884392 2.8744049788546761e-05 0.00012172440384393709 
20 34 46.723082923316021 52.285701192073887 6.194235960502799e-05 0.00011775226545272902 
20 36 48.591260281974002 54.25012978279031 -5.7073085751159958e-05 0.00010935446612929387 
20 38 50.470910553583892 56.217066925910913 2.193743614082127e-05 0.00011783891551493461 
20 40 52.360679774997898 58.186258223528185 -0.00012130856583819448 0.00011374872657645045 
20 42 54.25940669922602 60.157482313988652 -0.00018764988873600877 0.0001153244875005542 
20 44 56.166091947189145 62.130545713526544 -0.00014024068689187012 0.00011608572022044814 
20 46 58.079872407968907 64.105278588922516 3.5393490755497824e-06 0.00012180921996178818 
20 48 60 66.081531272104485 -4.8658992677499473e-05 0.00012405633709764645 
20 50 61.92582403567252 68.059171369984199 3.7594913221185433e-05 0.00011249666427814864 
20 52 63.856776554368238 70.038081354871736 1.5818466532730501e-05 0.00011287743395256054 
20 54 65.792360097775941 72.018156545237872 0.00012302815121743052 0.0001144927660273832 
20 56 67.732137494637016 73.999303405350673 0.00011798614042752065 0.00011346067898140204 
20 58 69.675723300355941 75.981438106815915 0.00011716031795578954 0.00011791239383204269 
20 60 71.622776601683796 77.964485306340947 -4.6304208762596263e-06 0.00012084139493059008 
22 2 23.045361017187261 23.753110018122488 0.012997753865699509 0.00027083313260157485 
22 4 24.180339887498949 25.542522801517887 0.0094591937681797415 0.00021898557167454309 
22 6 25.401754250991381 27.361116691375951 0.007122383772116366 0.00018796823559911566 
22 8 26.704699910719626 29.203440587234276 0.0052225261412712403 0.00016106575994941026 
22 10 28.083045973594572 31.065272856763276 0.0039832387622072227 0.00015434282906524288 
22 12 29.529964086141668 32.943306045358952 0.0029784511417677278 0.00014314764133913075 
22 14 31.038404810405297 34.834919961601955 0.002099536215625994 0.00013608425438638806 
22 16 32.601470508735446 36.738016879851379 0.0014356283678379051 0.00013324042320136086 
22 18 34.212670403551897 38.650900633714542 0.000920555227680665 0.00013223835637068645 
22 20 35.866068747318508 40.572186967555808 0.0007575622486738102 0.00012352004678026064 
22 22 37.556349186104043 42.500736356719003 0.00053615563659730684 0.00011459381331795054 
22 24 39.278820596099706 44.435603139783836 0.00051471118584077761 0.00011110008283648885 
22 26 41.029386365926399 46.375996613866938 0.00023722301460855647 0.00011353715012870516 
22 28 42.804493814764854 48.321250992316294 0.0001585812994544209 0.00011817420005431515 
22 30 44.601075237738272 50.270801992761754 2.131275369355041e-05 0.00011036615737323468 
22 32 46.416487838947603 52.224168433097041 -0.00010334097413979012 0.00011734448997276317 
22 34 48.248456731316587 54.180937644724459 -3.831184415568049e-05 0.00011286355968293459 
22 36 50.095023109728984 56.140753821039411 -0.00011141224802950036 0.00011106444182651501 
22 38 51.95449840010015 58.103308641828491 -7.3795326263729433e-05 0.00011382308127614564 
22 40 53.825424421026653 60.068333676410667 -9.6715539271699817e-05 0.00010893350236728236 
22 42 55.706539182259391 62.035594187479518 -0.00015384575876629979 0.00011123252314022378 
22 44 57.596747752497691 64.004884045880999 -0.0002005405477997019 0.00011323163831089036 
22 46 59.495097567963924 65.97602153252123 -7.6360127577089945e-05 0.00011084161882650408 
22 48 61.400757564888167 67.948845853279465 -6.8516475392551272e-05 0.00010647139954545109 
22 50 63.313000567495322 69.923214230509771 6.5847557475602807e-06 9.8605836867458519e-05 
22 52 65.231188426986208 71.898999463544669 -4.5990502128780462e-05 0.00010618117347195654 
22 54 67.154759474226495 73.876087872814622 8.2163755219070311e-05 0.00010732843070567417 
22 56 69.083217912982647 75.854377559405606 0.00010584053866336412 0.00011652174971803775 
22 58 71.016124838541643 77.833776925303368 5.9273018589765882e-05 0.00011800510932623716 
22 60 72.953090617340919 79.814203410113151 2.4330853043983406e-06 0.00012107778932975732 
24 2 25.041594578792296 25.751474496876991 0.0093558264756409357 0.00025720849674016856 
24 4 26.165525060596437 27.536827659093415 0.0067947243518844038 0.00019692816234889702 
24 6 27.369316876852981 29.349877619675322 0.0051017188674868574 0.00017699907084510946 
24 8 28.64911064067352 31.185794122536379 0.0037814304700560025 0.00015630979958780163 
24 10 30 33.040765636052242 0.0028157893849469406 0.00014461661483827277 
24 12 31.416407864998739 34.911754934116914 0.0020937443391762195 0.00013449718011585793 
24 14 32.892443989449802 36.796318719990765 0.0015041694694451675 0.00012429821905075974 
24 16 34.422205101855958 38.692473558903529 0.00097722956825016397 0.00012640928844997055 
24 18 36 40.598595405133842 0.00065822575780609101 0.00012640640575024202 
24 20 37.620499351813308 42.513343642120894 0.000514869506034296 0.00012103041548499381 
24 22 39.278820596099706 44.435603139783836 0.00041282378070895049 0.00011265472556000758 
24 24 40.970562748477136 46.364439661875281 0.00036836855639532407 0.00011329955570028834 
24 26 42.691806012954132 48.299065248956722 0.00021785064640444094 0.00010967279011045711 
24 28 44.439088914585774 50.238811119355574 7.5265952323092392e-05 0.00010891069037421919 
24 30 46.209372712298546 52.183106284022529 6.9873694189029353e-05 0.00010678889248491447 
24 32 48 54.131460540178466 -7.1313321068990079e-05 0.00011275689937796234 
24 34 49.808652046684813 56.083450847609264 -6.6833791114537719e-05 0.00010967162416231867 
24 36 51.633307652783941 58.038710338355301 -0.00019429485684472906 0.00011370422801159338 
24 38 53.472205054244228 59.996919391772245 -0.00013499490218506799 0.0001138841459394584 
24 40 55.323807579381203 61.957798341016947 -0.00015759985851705507 0.00011521360783907037 
24 42 57.186773244895647 63.921101476972595 -0.00018265967695045668 0.00011292330550405713 
24 44 59.059928172283335 65.886612090717904 -0.00023908694605771519 0.00011239179365083766 
24 46 60.94224354214569 67.854138352469263 -0.00022085514758491304 0.00011106118820526905 
24 48 62.832815729997478 69.823509868233828 -6.2235230893467231e-05 0.00010492994172451359 
24 50 64.730849247724095 71.794574788647168 3.1886830520469487e-05 9.4460494479132472e-05 
24 52 66.63564212655271 73.767197370145212 1.0605534411002462e-06 0.00010140881985065484 
24 54 68.546573405388315 75.741255908581721 5.1771440182026511e-06 0.00010212905672724032 
24 56 70.463092423455635 77.716640981018799 0.00010898990971244406 0.00010524609217711196 
24 58 72.384709652950434 79.693253943705145 2.294977053944023e-05 0.0001101456887932272 
24 60 74.310988842807021 81.671005643981033 1.4915570367327702e-06 0.00011649691189995574 
26 2 27.038404810405297 27.750074630414634 0.0066146973041926243 0.0002405200537664315 
26 4 28.152946437965905 29.53190281690571 0.0048216213881553402 0.00018579069876806814 
26 6 29.341664064126334 31.340069016847185 0.0035831919841380908 0.00016254776995934411 
26 8 30.601470508735446 33.170266323536303 0.0026929857250068091 0.00014543502649866499 
26 10 31.928388277184119 35.019040677435868 0.0020358995539283653 0.0001359769739330058 
26 12 33.317821063276355 36.883598685072606 0.0014682963249447612 0.00012925430337444623 
26 14 34.764823060233397 38.761662683056713 0.0010516119598459068 0.00012423131045446756 
26 16 36.264337522473745 40.651360812999272 0.00081373349518951631 0.00011933439250134948 
26 18 37.811388300841898 42.55114308619963 0.00050449474582184067 0.00012156779138817557 
26 20 39.40121946685673 44.459716822487934 0.00044943524432134872 0.00011983240353777458 
26 22 41.029386365926399 46.375996613866938 0.00032560129187337011 0.00011035162059019463 
26 24 42.691806012954132 48.299065248956722 0.00032644630406293681 0.00010732191076760956 
26 26 44.384776310850235 50.228142967031559 0.00020789026910322201 0.00010660330588372439 
26 28 46.104973174542799 52.162563088005385 6.0926010602920322e-05 0.00010068774528853784 
26 30 47.849433241279208 54.101752558523685 5.0204318513609695e-05 0.00010464633776791576 
26 32 49.6155281280883 56.045216315911439 -3.6391178935789116e-05 0.00011322046963864799 
26 34 51.400934559032692 57.992524638015951 -4.5518336575598867e-05 0.00011394800510329927 
26 36 53.203603311174518 59.943302844308377 -0.00012456401547413033 0.00010816726333731731 
26 38 55.021728866442672 61.897222860787956 -8.9495886060761353e-05 0.00010999793002837708 
26 40 56.853720883753127 63.853996271741927 -8.6814754621377958e-05 0.00011463520956078533 
26 42 58.698178070456933 65.813368564944426 -0.00012677650661366901 0.00011340893607031934 
26 44 60.553864678361279 67.77511434043322 -0.00021590279052966608 0.00011381707042072092 
26 46 62.419689627245816 69.739033301676741 -0.0001598433624375178 0.0001191352978423311 
26 48 64.294688127912366 71.704946885455243 -9.6638087133378751e-05 0.00011136942233012025 
26 50 66.178005607210736 73.672695415869924 3.5457025605481002e-05 0.00010368505112671977 
26 52 68.068883707497264 75.642135690586642 -1.9954940199500156e-05 0.00010588572114892266 
26 54 69.966648127543394 77.613138925227759 -1.6408357016118467e-06 0.0001073381311247832 
26 56 71.870698080866262 79.585588995874659 7.2995047510378757e-05 0.00010699605055510122 
26 58 73.780497164141408 81.559380930790951 7.0494438474207231e-06 0.00010768466205937336 
26 60 75.695565448543633 83.534419611364086 -2.8284655358939936e-05 0.00011013533031011822 
28 2 29.035668847618197 29.748862923208627 0.0047731779794589115 0.00023193440317840743 
28 4 30.142135623730951 31.52760204087387 0.0034083520071671184 0.00017594034111213366 
28 6 31.317821063276355 33.331434647665127 0.002623506124860021 0.00015225257259383706 
28 8 32.560219778561034 35.156498416301766 0.0019920776255901527 0.00014224374195629064 
28 10 33.866068747318508 36.99965170267533 0.0015411259291789085 0.00013614072249286578 
28 12 35.231546211727817 38.858320490509399 0.0011365365972781784 0.00013127311949111419 
28 14 36.652475842498532 40.730380756469728 0.00083699436342038621 0.00012891458444509314 
28 16 38.124515496597098 42.614067651315061 0.00063795798360271791 0.00012833559025835522 
28 18 39.643316977093235 44.507904994671613 0.00047032762283881794 0.00012692245111710666 
28 20 41.204650534085253 46.410650202712858 0.00042692383389338724 0.00011812124406425675 
28 22 42.804493814764854 48.321250992316294 0.0002754164608278113 0.00010824970567272322 
28 24 44.439088914585774 50.238811119355574 0.0001920503284662986 0.00010560530299254551 
28 26 46.104973174542799 52.162563088005392 9.9558325247421116e-05 0.00011140438217638299 
28 28 47.798989873223334 54.091846272187823 2.2339631040880453e-05 0.00010683674966662789 
28 30 49.518284528683196 56.02608926525086 1.4974602368310242e-05 0.0001070365716657442 
28 32 51.2602916254693 57.964795553695467 -4.894779811975383e-05 0.00011278836013708722 
28 34 53.022715545545239 59.907531820344353 -4.8222472448019502e-05 0.00011226716384556564 
28 36 54.803508501982762 61.853918340145832 -8.0304924202407633e-05 0.00011315312923955721 
28 38 56.60084744241189 63.803621051263896 -8.1481353144590137e-05 0.00010924669415723662 
28 40 58.413111231467404 65.756344975045124 -4.4690380125412735e-05 0.00011359535101292294 
28 42 60.238858928247922 67.711828728081173 -6.3199514149641471e-05 0.00011076642254546921 
28 44 62.076809620810593 69.669839923203909 -0.00016332500837610298 0.0001148313384220586 
28 46 63.92582403567252 71.630171297775874 -0.00015580028283387066 0.00012056888053128213 
28 48 65.784887978899604 73.59263743998153 -5.7495047300699413e-05 0.00011758211087357203 
28 50 67.653097563788805 75.557072009153643 5.8942417146169921e-05 0.00010803710410835456 
28 52 69.529646120466793 77.523325366113426 0.00010969827876369074 0.00010952822937926959 
28 54 71.413812651491099 79.491262545289487 0.00018759823448473946 0.00011479801814029061 
28 56 73.304951684997064 81.460761512939456 0.00017880672567627086 0.00011385826052034265 
28 58 75.202484376209242 83.43171166583997 9.9747685442459918e-05 0.00011309977982802013 
28 60 77.105890714493697 85.404012532876422 6.7135847491502947e-05 0.00011466764555005177 
30 2 31.03329637837291 31.747803836708655 0.0035241202271845823 0.00022868191977675782 
30 4 32.132745950421558 33.523813877723775 0.0025183135401505422 0.00017092089170282019 
30 6 33.297058540778352 35.323775921642323 0.0019435570380774043 0.00014937482461156379 
30 8 34.524174696260026 37.144208079006482 0.0015033188404424192 0.0001352785771086346 
30 10 35.811388300841898 38.982242653170474 0.0011349956431465147 0.00013457305992345801 
30 12 37.15549442140351 40.835502821990517 0.00082119946461227801 0.00012984149101110849 
30 14 38.552945357246848 42.702006266438211 0.00066637951227722393 0.0001226859800385056 
30 16 40 44.580089587539646 0.00049804103477784397 0.00013084028329875209 
30 18 41.492855684535897 46.468348755762712 0.00029535886778769903 0.0001276124127818291 
30 20 43.027756377319946 48.365591948629415 0.00019700437590744365 0.0001105421279375086 
30 22 44.601075237738272 50.270801992761754 0.00011779399044689075 0.00011269134340997004 
30 24 46.209372712298546 52.183106284022529 9.8619348747110264e-05 0.00010419463832116148 
30 26 47.849433241279208 54.101752558523685 0.00010505283465927221 0.0001111314881447367 
30 28 49.518284528683196 56.02608926525086 4.9753823183241017e-05 0.00011547163464408383 
30 30 51.213203435596427 57.955549577344094 -2.777432924100116e-05 0.00010398475436561201 
30 32 52.931712199461309 59.889638296337395 -4.9822161125680023e-05 0.0001029710017297178 
30 34 54.671568097509265 61.827921069046582 -7.6934795638050336e-05 0.00010742000349376269 
30 36 56.430749027719962 63.770015463181338 -0.00013138242111036905 0.00010941265259863532 
30 38 58.207436873820413 65.715583544761444 -0.00023412281595120191 0.00010680062270281315 
30 40 60 67.664325675223068 -6.43451831524878e-05 0.00010760056795318231 
30 42 61.806975801127876 69.615975304069295 -6.3826231585512928e-05 0.00011057602123261864 
30 44 63.6270539113887 71.57029457806442 -7.2760728674825233e-05 0.00010952130712650253 
30 46 65.459060435491963 73.527070623308873 -2.9623469453994132e-05 0.00011543109629023502 
30 48 67.301943396169804 75.486112384326589 -1.1430401024358024e-05 0.00011301561589117655 
30 50 69.154759474226495 77.447247926271174 0.00011692671106529872 0.0001146160210711175 
30 52 71.016662039607269 79.410322123811142 0.00012028979817731734 0.00011181732227717868 
30 54 72.886890422961002 81.375194674185451 0.00024191649341040854 0.00011364641753884069 
30 56 74.76476034853718 83.34173838309178 0.00021568380433669831 0.00011522486692847416 
30 58 76.649655434629011 85.309837681066114 0.00024074838409324001 0.00011252825362378028 
30 60 78.541019662496836 87.279387335292284 0.00015437990857622593 0.00011277407084863784 
32 2 33.031219541881399 33.746870250208509 0.0024571299397308883 0.00021802162263601777 
32 4 34.124515496597098 35.520451902654848 0.0017016170555556698 0.00016468350714096084 
32 6 35.278820596099706 37.316936571123101 0.0013691555584131921 0.00014169400098969657 
32 8 36.492422502470646 39.133170159567094 0.0010152539746418538 0.00013553831628506554 
32 10 37.763054614240211 40.966526072173131 0.00079911842194612607 0.00013160126684953551 
32 12 39.088007490635064 42.814804800517877 0.00059262993336258547 0.00012391923621894147 
32 14 40.464249196572979 44.676154286049027 0.00048262530771710091 0.00011824220992661249 
32 16 41.888543819998318 46.549006578822549 0.00030831544833688534 0.00012234698275063519 
32 18 43.357559750685823 48.432027266672137 0.00015324937215583235 0.00012306303926318246 
32 20 44.867962264113203 50.324074922884392 1.0620919271499856e-05 0.00011267231056372157 
32 22 46.416487838947603 52.224168433097041 -8.8991877658132099e-05 0.00010938744091100598 
32 24 48 54.131460540178466 -2.4560806298028021e-05 0.00010308093199680789 
32 26 49.6155281280883 56.045216315911439 -5.1438638109930358e-05 0.00010751223668409032 
32 28 51.2602916254693 57.964795553695467 -5.4761729356015463e-05 0.00010648662873970397 
32 30 52.931712199461309 59.889638296337395 -0.00015486002254992134 0.00010324446015799437 
32 32 54.627416997969519 61.819252882500372 -9.7063432379919428e-05 0.00010243663198008118 
32 34 56.345235059857501 63.753206026324186 -0.00012920900291256868 0.00010078247204885575 
32 36 58.083189157584592 65.691114546180046 -0.00016942918853879947 0.00010803270597853559 
32 38 59.839484696748443 67.632638437397631 -0.00019543578079448277 0.00010268768638497585 
32 40 61.612496949731394 69.577475045363371 -7.6520913511684177e-05 0.00010711894436164124 
32 42 63.400757564888167 71.525354143636164 -4.7613348890801726e-05 0.00010800519975529533 
32 44 65.202941017470891 73.476033759702744 6.9089732955703796e-05 0.00011057689506388447 
32 46 67.017851452243804 75.42929662101713 6.6939999128759047e-05 0.00010880675288014712 
32 48 68.844410203711917 77.384947117807059 7.2119003208899108e-05 0.00011124688392006601 
32 50 70.681644159311659 79.342808698143557 0.00014896687675995803 0.00011373690830658299 
32 52 72.528675044947491 81.302721625998544 0.00019817615624125807 0.00011212910456135142 
32 54 74.384709652950434 83.264541045267407 0.00028933555792951075 0.00011353601453434407 
32 56 76.249030993194197 85.228135302630122 0.00032746267463159564 0.0001162694810511735 
32 58 78.120990323358399 87.193384490154045 0.00030743135250612942 0.00011421272558224321 
32 60 80 89.160179175079293 0.00031926578325590382 0.00010960041409600058 
34 2 35.029386365926399 35.746041108277765 0.0016730533103266132 0.00021128539363526308 
34 4 36.11724276862369 37.517448071922047 0.0011968876512436786 0.00016188777877301826 
34 6 37.262676501632072 39.310791962819209 0.00094954867848177004 0.00013447120291435846 
34 8 38.464249196572979 41.123202935310552 0.00075613704491212842 0.00012903079305433843 
34 10 39.720045146669349 42.952267397349559 0.00062899795677114068 0.00012819470263098401 
34 12 41.027756377319946 44.795945458133843 0.00045625242440995123 0.00012565327799950128 
34 14 42.384776310850235 46.652504588744065 0.00036473001187425604 0.00012504381761791006 
34 16 43.788294228055932 48.520466190232227 0.00024581543971396042 0.00011736171006613408 
34 18 45.23538406167134 50.398562422277017 -4.8159397450302742e-06 0.00011460994654945405 
34 20 46.723082923316021 52.285701192073887 -5.1022616292099182e-05 0.00011449652256266321 
34 22 48.248456731316587 54.180937644724459 -0.00012581589712576047 0.00012410850702434097 
34 24 49.808652046684813 56.083450847609264 -0.00012254204237567909 0.00011392538967559197 
34 26 51.400934559032692 57.992524638015951 -7.6856500410863311e-05 0.00010928104264647388 
34 28 53.022715545545239 59.907531820344353 -4.4524261089119464e-05 0.00011189965660023675 
34 30 54.671568097509265 61.827921069046596 -9.5927426903921168e-05 0.00011453766310899599 
34 32 56.345235059857501 63.753206026324186 -9.4674928429166794e-05 0.00010715772997411123 
34 34 58.041630560342611 65.682956187656643 -0.00010931571209237101 0.00010422810773890748 
34 36 59.758836806279895 67.616789249891966 -0.00010978203564973692 0.00010262962173577576 
34 38 61.495097567963924 69.554364660882271 -7.8271953066902616e-05 0.00011001782504740756 
34 40 63.248809496813379 71.495378160365533 -2.4574982496940083e-05 0.00011191619800795242 
34 42 65.018512172212596 73.439557141967811 1.9564911460319294e-06 0.00011020377606099866 
34 44 66.802877548915689 75.386656698138836 0.00010441007892723448 0.00010651052836880189 
34 46 68.600699292150182 77.336456235321023 0.00021443232757387075 0.0001089774648763844 
34 48 70.410882339705481 79.288756567072028 0.00015538748371456398 0.00010883428317873432 
34 50 72.232432915661946 81.24337740928236 0.00013768603745113926 0.00010524011101976577 
34 52 74.064449134018133 83.200155214889918 0.00017728972783064974 0.00010758924522017762 
34 54 75.906112267087636 85.158941296240044 0.00035079744018206346 0.00010444829331743615 
34 56 77.75667870831839 87.11960019198402 0.00028746094772865913 0.00010777370071157291 
34 58 79.61547262794322 89.082008242550444 0.00029504440831161559 0.00010700020437429262 
34 60 81.48187929913334 91.046052344077552 0.00036099686100276386 0.00011344683744503037 
36 2 37.027756377319946 37.745299815274471 0.0011382835718683692 0.00020031135020712602 
36 4 38.110770276274835 39.514748085871915 0.00081939620996891304 0.00016393953119142062 
36 6 39.248287590894662 41.305241488640128 0.00073367196664850265 0.00013501398316735579 
36 8 40.439088914585774 43.114158145322008 0.00058398216561336821 0.00012912427700856395 
36 10 41.681541692269406 44.939273366675572 0.00050830355599666666 0.00012548979594955125 
36 12 42.973665961010276 46.778691183804561 0.00039406695402446586 0.00012985525800126416 
36 14 44.313207915827967 48.630788673583268 0.00031716584924607451 0.00012174385920562055 
36 16 45.697715603592208 50.494170605721145 0.00016947431612016148 0.00011934718070290101 
36 18 47.124611797498105 52.367632401175371 5.9003801588496437e-05 0.00011985626233489992 
36 20 48.591260281974002 54.25012978279031 -4.8737059636089359e-05 0.00011514205618454573 
36 22 50.095023109728984 56.140753821039411 -0.0001078189730601083 0.00011429366735299556 
36 24 51.633307652783941 58.038710338355301 -0.00013542615042234037 0.00010797816485731874 
36 26 53.203603311174518 59.943302844308377 -4.7285901701305579e-06 0.00010329086759280165 
36 28 54.803508501982762 61.853918340145825 -2.5774843889009661e-05 0.00010254953739019328 
36 30 56.430749027719962 63.770015463181345 -7.5113543106461385e-05 0.00011110891308161248 
36 32 58.083189157584592 65.691114546180046 -7.3511177841290219e-05 0.00011053973884172771 
36 34 59.758836806279895 67.616789249891966 -2.5551043341380005e-05 0.00010781436467683996 
36 36 61.45584412271571 69.546659492812921 -8.6086593034793221e-06 0.00010760447809786252 
36 38 63.172504656604801 71.480385454712149 -5.6503828376328278e-05 0.00011716536855260466 
36 40 64.90724809414742 73.417662472317815 4.6264339784260606e-05 0.00012229818283590786 
36 42 66.658633371878665 75.358216679033376 -3.4694124391367903e-05 0.00011764207212388913 
36 44 68.425340807103794 77.301801267429084 7.8629594101666959e-05 0.00011010654653990038 
36 46 70.206163733020475 79.248193274888365 0.00018982422345683111 0.0001135659611354278 
36 48 72 81.197190810267699 0.00013860102734548744 0.00011604060560012163 
36 50 73.805843601498722 83.148610653600088 0.00013047532168712915 0.00010677410180851815 
36 52 75.622776601683796 85.102286172399261 0.00012862515136446038 0.00010843609478488341 
36 54 77.449961479175897 87.058065507532945 0.00024497812394321965 0.00011195464879072368 
36 56 79.28663395418647 89.015809989343225 0.00019173110122441817 0.0001096335082918465 
36 58 81.132096331752024 90.975392751028096 0.00019391507179428052 0.0001073738371200264 
36 60 82.985711369071794 92.936697511525423 0.00019321271307364257 0.00010960295733713227 
38 2 39.02629759044045 39.744633114110314 0.00077590864795226569 0.0001976916894157794 
38 4 40.104973174542799 41.512308087487369 0.00051778824141474923 0.00015579736273594602 
38 6 41.23538406167134 43.300203049474305 0.00049462930564602911 0.00013672334858896138 
38 8 42.416487838947603 45.105913642236956 0.00051564891633564859 0.00013280760038373752 
38 10 43.646882704388503 46.927383337196346 0.00039818167344924781 0.00012649777245310047 
38 12 44.924858845171272 48.762846186942447 0.00033858618230325711 0.0001207329385101403 
38 14 46.248456731316587 50.610779776907634 0.00015288002442029506 0.00011909014102701407 
38 16 47.6155281280883 52.469866504517412 0.00014832424691641936 0.00011817360795704813 
38 18 49.023796041628643 54.338961642426632 6.2457683389811332e-06 0.00011612365788260758 
38 20 50.470910553583892 56.217066925910913 -7.2023103595397045e-06 0.00011292355903561901 
38 22 51.95449840010015 58.103308641828491 -0.00011035079984369055 0.00010575740927462427 
38 24 53.472205054244228 59.996919391772245 -0.00014875229760212528 0.000103234699104756 
38 26 55.021728866442672 61.897222860787956 -4.1984096979399652e-05 0.00010218002228740567 
38 28 56.60084744241189 63.803621051263896 1.1568798472499567e-05 0.0001069458306134921 
38 30 58.207436873820413 65.715583544761429 -3.5007763025465238e-05 0.00011142548330862044 
38 32 59.839484696748443 67.632638437397631 -7.6536628617288879e-05 0.00011287499267664569 
38 34 61.495097567963924 69.554364660882271 -4.0854404773049726e-05 0.00011304296581167236 
38 36 63.172504656604801 71.480385454712149 7.2512579328641862e-05 0.00010970274424598767 
38 38 64.87005768508881 73.410362797969185 3.486388970498748e-05 0.00011796646089427481 
38 40 66.586228448267448 75.3439926437715 2.9034154713860033e-05 0.00012089105286862017 
38 42 68.319604517012593 77.28100082736978 1.6632300133439727e-05 0.00012217744924893339 
38 44 70.068883707497264 79.221139541508506 -3.9567030587813745e-05 0.00011137670274947385 
38 46 71.832867780352601 81.164184291043043 2.3874993486180234e-05 0.00010696097310958492 
38 48 73.610455730027937 83.109931253765524 3.332925159741771e-05 0.00011623617588041687 
38 50 75.400636936215164 85.058194986614126 8.2228523064664999e-05 0.00011238044241995884 
38 52 77.202484376209242 87.008806426453759 0.00011435732399752018 0.0001060622764882132 
38 54 79.015148038438355 88.961611142848227 0.0001446533072612312 0.00011046647269381062 
38 56 80.837848631377256 90.916467807029164 0.00014628579624791627 0.00011183407366206008 
38 58 82.669871646719429 92.873246846881614 0.00011679049460235019 0.00011479504767596904 
38 60 84.510561809129399 94.83182926242138 8.5116252554489572e-05 0.00010954464842087074 
40 2 41.024984394500791 41.744030287042364 0.0004220441897773953 0.00019541958854081597 
40 4 42.09975124224178 43.510092268472839 0.00030769146660684216 0.00015315296436070518 
40 6 43.223748416156681 45.295608990458781 0.00034523145891010083 0.00013352255902111438 
40 8 44.396078054371138 47.098367895523097 0.00037999745943810808 0.00012518932923008758 
40 10 45.6155281280883 48.916462699458869 0.0002753469220433645 0.00011670750098403643 
40 12 46.880613017821105 50.748245168016027 0.00027221659835556695 0.00011703757869671724 
40 14 48.189620100417088 52.592285101890852 0.00014864886329154839 0.00012163659883587726 
40 16 49.540659228538019 54.447337095987351 6.3847012381349405e-05 0.00011891395360809439 
40 18 50.931712199461309 56.31231287604507 3.7992005673998597e-06 0.00010997385178641831 
40 20 52.360679774997898 58.186258223528192 3.1179942712193588e-06 0.00010992004543168119 
40 22 53.825424421026653 60.068333676410667 -0.00014968435825858295 0.00011335664770500727 
40 24 55.323807579381203 61.957798341016954 -0.00011360001530096241 0.00010950760527073365 
40 26 56.853720883753127 63.853996271741927 -4.0817252039609675e-05 0.00010469288577401149 
40 28 58.413111231467404 65.756344975045124 -0.00010808797786676587 0.000108352577533698 
40 30 60 67.664325675223068 -9.8368420299501248e-05 0.00010532180010881434 
40 32 61.612496949731394 69.577475045363371 -0.0001394463597436499 0.0001110708702707823 
40 34 63.248809496813379 71.495378160365533 2.2178173211646303e-05 0.00011205595456599614 
40 36 64.90724809414742 73.417662472317815 7.4582264369002001e-06 0.00011174734014836538 
40 38 66.586228448267448 75.3439926437715 -1.5021386101282777e-05 0.00011981522700248887 
40 40 68.284271247461902 77.274066103125477 -7.863577310712836e-05 0.00012000712700052887 
40 42 70 79.207609209694709 -0.00017495650339835979 0.00012242729887688004 
40 44 71.732137494637016 81.144373935111616 -0.00016104201787382936 0.00011549361918625416 
40 46 73.479501308256346 83.084134983321178 -5.9878842965288601e-05 0.00010628692329888261 
40 48 75.240998703626616 85.026687284241802 -4.7371548224272264e-05 0.00011461230533940957 
40 50 77.015621187164243 86.971843806704214 8.0133362710406984e-05 0.00011584425984539165 
40 52 78.802438933713461 88.919433644975868 8.4399603119777065e-05 0.00011771117041312003 
40 54 80.600595232822883 90.869300340372234 8.0865075872978791e-05 0.00012182079992029547 
40 56 82.409301068170507 92.821300405425717 6.3886413754108453e-05 0.00012715713419289961 
40 58 84.227829907617064 94.77530202304709 0.00012350300853296076 0.00012340806675300474 
40 60 86.055512754639892 96.73118389725883 7.1023385386730531e-05 0.00011880845736651954 
42 2 43.023796041628643 43.743482575531019 0.00027121019787296224 0.00019531692819312844 
42 4 44.095023109728984 45.508071104712521 0.00022038262860689899 0.00014917293778958125 
42 6 45.213203435596427 47.291403061310803 0.00018194322037880158 0.00012593748347308056 
42 8 46.377558326431952 49.091435824827357 0.00021023049182779192 0.00012475570664375154 
42 10 47.587033144922898 50.906397821677864 0.00021503624615756896 0.00011364289377124956 
42 12 48.840329667841559 52.734747624452652 0.00016671387332510971 0.00012138788811389896 
42 14 50.135943621178654 54.575139714438663 0.00011397078717510034 0.00012297825451209436 
42 16 51.472205054244228 56.426395797412809 9.9614302239127225e-05 0.00011472495085137223 
42 18 52.847319317591726 58.287480735764106 3.4244921080109549e-05 0.00010790191576053241 
42 20 54.25940669922602 60.157482313988652 -8.484448060211174e-05 0.00010660546307664139 
42 22 55.706539182259391 62.035594187479518 -0.0001427053031660489 0.0001077254599491778 
42 24 57.186773244895647 63.921101476972595 -0.00010058081348123039 0.00010739806913561933 
42 26 58.698178070456933 65.813368564944426 -2.2583109096209609e-05 0.00010677388739699206 
42 28 60.238858928247922 67.711828728081173 -5.9489953717881734e-05 0.00010470034327878643 
42 30 61.806975801127876 69.615975304069295 -0.00012563851147037408 0.00010475643301544238 
42 32 63.400757564888167 71.525354143636164 -6.0195957762539053e-05 0.00010893825926377182 
42 34 65.018512172212596 73.439557141967825 -6.822056980897074e-05 0.00011212871987723671 
42 36 66.658633371878665 75.358216679033362 -5.732713836760495e-06 0.00011371751061896063 
42 38 68.319604517012593 77.28100082736978 -4.1922529838153457e-05 0.00011538681566417513 
42 40 70 79.207609209694709 -0.00014954458601618557 0.00012249071419206131 
42 42 71.698484809834994 81.137769408281727 -0.00023230164953319825 0.00012239002118532961 
42 44 73.413812651491099 83.071233844136941 -0.0002083783500837658 0.00011710071729550868 
42 46 75.144823004794873 85.007777057296778 -0.00017230071472506178 0.00011079351133603949 
42 48 76.890437438203946 86.9471933305432 -4.0288770104871133e-05 0.00012313667098958565 
42 50 78.649655434629011 88.889294607925891 4.4411213022369918e-05 0.00012400348129091578 
42 52 80.421549934136806 90.833908667030443 0.00013424669877997196 0.00012108030347518044 
42 54 82.205262752974136 92.780877510218744 0.00010174484504215552 0.00012038204836981793 
42 56 84 94.730055945312301 0.00013679860218213956 0.00012353438419372722 
42 58 85.805027579936308 96.681310330579322 0.00016156895318171944 0.00011691794068158854 
42 60 87.619666847201103 98.634517462567686 0.00017598657172731276 0.00011195520236192079 
44 2 45.022715545545239 45.742982752178079 0.00011796046434481754 0.00019836211401823108 
44 4 46.090722034374522 47.506220036244976 0.00011829696715531382 0.00014997433496842708 
44 6 47.203603311174518 49.287538112571454 0.000116290747692093 0.00012899535400762941 
44 8 48.360679774997898 51.085045603035773 0.00015878639293881027 0.00012309900557010299 
44 10 49.561028345356959 52.897092125468539 0.00015149500109123816 0.00011526352542530988 
44 12 50.803508501982762 54.722233382751902 0.00022230575479217427 0.00012132638531850908 
44 14 52.086792761230392 56.559201704607084 0.0001019356080649824 0.00011963700906371615 
44 16 53.409399821439251 58.406881174468552 9.1273345240490118e-05 0.00011315371896349607 
44 18 54.769728648009426 60.26428660155657 5.802931137500149e-05 0.00011116478870252588 
44 20 56.166091947189145 62.130545713526551 -6.9386329181292524e-05 0.00011298406849426739 
44 22 57.596747752497691 64.004884045881013 -0.00018872294355632864 0.00011116798970858912 
44 24 59.059928172283335 65.886612090717904 -0.00014520155631828023 0.00011326303305499206 
44 26 60.553864678361279 67.77511434043322 -5.5322187778170397e-05 0.0001130324461566642 
44 28 62.076809620810593 69.669839923203909 -5.024521737231064e-05 0.00011272721027752169 
44 30 63.6270539113887 71.570294578064434 -0.00010611632480217029 9.9542147462244038e-05 
44 32 65.202941017470891 73.476033759702759 -6.2038538065509457e-05 0.00010569679064759351 
44 34 66.802877548915689 75.386656698138836 4.4352420893630446e-05 0.00010949184446087469 
44 36 68.425340807103794 77.301801267429084 5.5412345192000471e-06 0.00010934274923517982 
44 38 70.068883707497264 79.221139541508506 -7.6962300934471474e-05 0.00011491342018017863 
44 40 71.732137494637016 81.144373935111616 -0.00016106535584080171 0.00011508333864636671 
44 42 73.413812651491099 83.071233844136941 -0.00016940239357433092 0.00011807518600841705 
44 44 75.112698372208087 85.001472713438005 -7.8402620680081481e-05 0.00012207421514117073 
44 46 76.827660925679098 86.934865471336678 0.00010467645624107977 0.00011621805546447068 
44 48 78.557641192199412 88.871206279567673 0.00013340749287832959 0.00012522777952571828 
44 50 80.301651610693426 90.810306555211724 0.00020486560659111931 0.00012613643324106271 
44 52 82.058772731852798 92.751993227733877 0.00024930229855680126 0.00011448508105830526 
44 54 83.828149534535996 94.69610719973474 0.00017137003702981022 0.00011817128687612614 
44 56 85.608987629529707 96.642501984632588 0.0001432876553544975 0.00012709025593080046 
44 58 87.400549446402593 98.591042498371905 0.00017239992247147871 0.00011706545776112099 
44 60 89.202150475476543 100.54160398552351 0.00025094213693921012 0.00011290271987039651 
46 2 47.021728866442672 47.742524800185599 -1.4253592480301041e-05 0.0002093120450811453 
46 4 48.086792761230392 49.504518466425601 5.1725294512838904e-05 0.00015564984747281751 
46 6 49.194827009486403 51.283974328136949 1.795053395703936e-05 0.00013055436476108739 
46 8 50.345235059857501 53.079136175952861 6.9178997089840659e-05 0.00011595919451492449 
46 10 51.537204591879643 54.888463008920944 0.0001485951641076094 0.00010765901177839984 
46 12 52.769728648009426 56.710599060299309 0.00019564981007117905 0.00011496090476423277 
46 14 54.041630560342611 58.544348318811764 0.00014389519245410986 0.00011547255424815751 
46 16 55.351591323771842 60.388652861035844 9.7971044148170404e-05 0.00011841311927293462 
46 18 56.698178070456933 62.242574405844032 -1.771852418866024e-05 0.00011466941970311861 
46 20 58.079872407968907 64.105278588922516 -2.0333441429410728e-05 0.00012098377159809393 
46 22 59.495097567963924 65.97602153252123 -0.0001488330308744283 0.00011770712972486224 
46 24 60.94224354214569 67.854138352469263 -4.7889708824009818e-05 0.00011855708206685153 
46 26 62.419689627245816 69.739033301676741 -4.4156078474299035e-05 0.00011927593971010964 
46 28 63.92582403567252 71.630171297775874 2.2688995237085195e-05 0.00011387103035826311 
46 30 65.459060435491963 73.527070623308873 -1.0054871071746753e-05 0.00011037759029023804 
46 32 67.017851452243804 75.42929662101713 -6.6324019789468943e-05 0.00011389482921588438 
46 34 68.600699292150182 77.336456235321023 1.2748817571316827e-05 0.00010983145249356241 
46 36 70.206163733020475 79.248193274888365 9.9340094355399891e-06 0.00011032098986020375 
46 38 71.832867780352601 81.164184291043028 -2.4671122647789353e-05 0.00011689788183932177 
46 40 73.479501308256346 83.084134983321178 -4.3521074024251198e-05 0.00011891109420690671 
46 42 75.144823004794873 85.007777057296764 -5.7147742804515474e-05 0.00011987178906739942 
46 44 76.827660925679098 86.934865471336678 6.6089104735240673e-05 0.00012208849572365306 
46 46 78.526911934581193 88.865176018594269 0.00016432823293046955 0.00012088881652980978 
46 48 80.24154027718933 90.798503198632517 0.00017731044729632736 0.00012873003532965714 
46 50 81.970575502926067 92.734658339848409 0.00021062737020430868 0.00012393167541026182 
46 52 83.713109915419565 94.673467939569832 0.00018083055911022797 0.00012205892578904406 
46 54 85.468295701936398 96.61477219349581 0.00013842564821260069 0.00012195498149216606 
46 56 87.235341863986875 98.558423690202289 0.00018186329957276898 0.00012331725556618666 
46 58 89.013511046643487 100.50428624985983 0.0001528829914532806 0.00011584195987475733 
46 60 90.802116342871599 102.45223388921347 0.00020479860259570132 0.00011449467552679156 
48 2 49.02082429892863 49.742103670096341 -7.6111484313509399e-05 0.00021513869365101041 
48 4 50.083189157584592 51.502948993753982 -6.1734647120313934e-05 0.00016157931980400703 
48 6 51.186773244895647 53.280677853982269 -9.8542576689549731e-05 0.00013011028585039615 
48 8 52.331050121192874 55.07365531818683 -5.9566327645697959e-05 0.00011459626014011027 
48 10 53.515301344262525 56.880439411392217 -2.9254832243998944e-05 0.00010850125454250838 
48 12 54.738633753705962 58.699755239350644 1.7000472085000367e-05 0.00010664628863737795 
48 14 56 60.530472843736206 -3.1293933065429696e-05 0.00011358472404261661 
48 16 57.29822128134704 62.371588245072758 -1.8155643033539435e-05 0.00012010375011114361 
48 18 58.632011235952589 64.222207200776822 -4.3405918256800406e-05 0.00011445899075996813 
48 20 60 66.081531272104485 -9.413150657890904e-05 0.00012284141344428879 
48 22 61.400757564888167 67.948845853279465 -0.00014137879079064041 0.00011915696668340091 
48 24 62.832815729997478 69.823509868233828 -8.8241408446680298e-05 0.0001184239566307508 
48 26 64.294688127912366 71.704946885455243 -1.499517443695402e-05 0.00011780006397444666 
48 28 65.784887978899604 73.59263743998153 0.00012235720594012045 0.00011518473698495702 
48 30 67.301943396169804 75.486112384326589 2.2822779869776446e-05 0.00011760661381393144 
48 32 68.844410203711917 77.384947117807059 -3.3047493384299274e-05 0.00011547934485536328 
48 34 70.410882339705481 79.288756567072028 1.6972757980639449e-05 0.00011872644102002738 
48 36 72 81.197190810267685 0.00010075164094449965 0.00011454903476779946 
48 38 73.610455730027937 83.109931253765524 2.5659253808690058e-05 0.00011963022743823738 
48 40 75.240998703626616 85.026687284241788 8.5339297778407103e-06 0.000126031286074425 
48 42 76.890437438203946 86.9471933305432 2.2142452449770564e-05 0.00011667196133352354 
48 44 78.557641192199412 88.871206279567673 6.8512061864990667e-05 0.00011937205878529725 
48 46 80.24154027718933 90.798503198632517 0.0001457591277536253 0.00012242823320491903 
48 48 81.941125496954271 92.728879323750562 0.00020811485377711386 0.00012665306964634824 
48 50 83.655446902326915 94.662146279097783 0.00020577664661474107 0.00011841528367756429 
48 52 85.383612025908263 96.598130497913445 0.00022752691619201467 0.00011413551494245028 
48 54 87.124783736376884 98.536671819270055 0.00018527852239372952 0.00011909482673613408 
48 56 88.878177829171548 100.47762223871115 0.00024169949772280392 0.00012549259799860538 
48 58 90.643060449437428 102.42084479378087 0.00015335769973201063 0.00012577792085456712 
48 60 92.418745424597091 104.36621256804506 0.00012154828885809902 0.00011921166824516754 
50 2 51.019992006393608 51.741715092919826 -4.844552417195511e-05 0.00021260340845778521 
50 4 52.079872407968907 53.501496815638482 -8.5968466063090249e-05 0.00016355813718307648 
50 6 53.179356624028344 55.277619723271947 -9.2065811037519879e-05 0.00013232482376409404 
50 8 54.31797780234433 57.068558094869992 -1.8370496140930852e-05 0.0001196428783719947 
50 10 55.495097567963924 58.872959869403871 7.8718187254781126e-05 0.00010866595098103723 
50 12 56.709920264364882 60.68962419179514 4.4034995551428329e-05 0.00011636008616877462 
50 14 57.961509971494337 62.517482077401475 1.9507091337941257e-05 0.00011870454070419093 
50 16 59.248809496813379 64.355579758519013 -8.2560294846330289e-05 0.00011421986618328204 
50 18 60.570660511172846 66.203064330980851 -4.9273503175159126e-05 0.00011446090045526024 
50 20 61.92582403567252 68.059171369984199 -0.00012664431255316643 0.00011376056858848292 
50 22 63.313000567495322 69.923214230509771 -0.00017337327524737681 0.00011402159143545104 
50 24 64.730849247724095 71.794574788647168 -0.00014058365529448952 0.00011141332474462613 
50 26 66.178005607210736 73.672695415869924 -7.5860476166800619e-05 0.00011400633398803909 
50 28 67.653097563788805 75.557072009153643 5.3155097030797019e-06 0.00011335671013623385 
50 30 69.154759474226495 77.447247926271174 -5.7974604122709585e-05 0.00011628149553068026 
50 32 70.681644159311659 79.342808698143557 -3.7274230121220137e-05 0.00011618014151757259 
50 34 72.232432915661946 81.24337740928236 -3.95717795137994e-05 0.00011646758244137484 
50 36 73.805843601498722 83.148610653600088 -3.4766026743329596e-05 0.00011036795234937884 
50 38 75.400636936215164 85.058194986614126 -2.6481034430448977e-05 0.0001078932262590325 
50 40 77.015621187164243 86.971843806704214 1.8461043481500618e-05 0.0001147727856366701 
50 42 78.649655434629011 88.889294607925891 4.6000752801679832e-05 0.00010826563401708107 
50 44 80.301651610693426 90.810306555211724 9.792791076650651e-05 0.00010678252967398418 
50 46 81.970575502926067 92.734658339848409 0.00014121615328690655 0.0001064464104380966 
50 48 83.655446902326915 94.662146279097783 0.00011064511425324141 0.00010915813702238114 
50 50 85.355339059327378 96.592582628906825 0.0001353308109143939 0.0001116649236934526 
50 52 87.069377593742871 98.525794082966314 0.00016257093945176975 0.00011721353887345822 
50 54 88.796738985948195 100.46162043504955 0.00017475761894125572 0.00012467602186067958 
50 56 90.536648758246912 102.39991338469412 0.00019845735001926035 0.00012283797607962152 
50 58 92.288379438153299 104.34053546896213 0.00013646029984757868 0.00012499439613889091 
50 60 94.051248379533263 106.28335910530222 0.00012813915343321073 0.00012150702474272467 
52 2 53.019223662515373 53.741355434964269 -2.0808481216770179e-05 0.00021499133054743371 
52 4 54.076809620810593 55.500149260829268 -5.3411360198377683e-05 0.00015944001618362731 
52 6 55.172504656604801 57.274775005769243 -6.2069118845719349e-05 0.00013621324365068011 
52 8 56.305892875931811 59.06380563381142 3.6565997559150152e-05 0.00012416030199260413 
52 10 57.476404589747453 60.865970952050183 0.000106100248763725 0.00011254894701650289 
52 12 58.683328128252668 62.680138033694369 -2.5660528683520402e-05 0.00011731097624907716 
52 14 59.92582403567252 64.505294262642835 -0.00012160193805835102 0.00012092078381000453 
52 16 61.202941017470891 66.340532647072607 -0.00010033387935974944 0.00011421516832835656 
52 18 62.513632984395208 68.185039091317293 1.1443845820545899e-05 0.00011355470465361044 
52 20 63.856776554368238 70.038081354871736 -5.8201678690669231e-05 0.00010874398013503224 
52 22 65.231188426986208 71.898999463544655 -0.00010789716796518092 0.00011286823389152372 
52 24 66.63564212655271 73.767197370145212 -8.9663953421359019e-05 0.00011208021118765579 
52 26 68.068883707497264 75.642135690586642 -9.9092758605110715e-05 0.0001065080804499281 
52 28 69.529646120466793 77.523325366113426 -5.3555796499851099e-05 0.00011210369235394636 
52 30 71.016662039607269 79.410322123811142 -5.5553279912309234e-05 0.00011351685404075794 
52 32 72.528675044947491 81.302721625998544 -2.3449293227400333e-05 0.00011035586247929158 
52 34 74.064449134018133 83.200155214889918 -8.3819410726319781e-05 0.0001071793099088989 
52 36 75.622776601683796 85.102286172399261 -0.00020413816304087166 0.00010469861005634605 
52 38 77.202484376209242 87.008806426453759 -0.00012292838143881387 0.00010041818852779354 
52 40 78.802438933713461 88.919433644975868 1.6734383490919578e-05 0.0001070588874284685 
52 42 80.421549934136806 90.833908667030443 0.00011608625985412936 0.000100522922474582 
52 44 82.058772731852798 92.751993227733877 0.0001653392439238007 9.8120377314487884e-05 
52 46 83.713109915419565 94.673467939569832 0.00011350845169436633 9.962934651881278e-05 
52 48 85.383612025908263 96.598130497913445 5.677100204436033e-05 0.00010384076819134018 
52 50 87.069377593742871 98.525794082966314 4.8729904864083375e-05 0.00010914124693677936 
52 52 88.76955262170047 100.45628593406312 0.00018740212738277003 0.00011770575888535652 
52 54 90.483329627982627 102.38944607552776 0.00021779055212267003 0.00011943403476755321 
52 56 92.209946349085598 104.32512617601077 0.00020771560587011753 0.00011920843117625612 
52 58 93.948684188300888 106.26318852560247 0.00015102015305601984 0.00012600730788987625 
52 60 95.698866482558415 108.20350511704737 0.00011109463406277016 0.00012473874920233073 
54 2 55.018512172212596 55.741021583905678 -0.00010695228317455945 0.00021553097344564635 
54 4 56.073972741361771 57.498895419258943 -0.00010363541960335585 0.00016459103368446744 
54 6 57.166155414412245 59.272122128807879 -5.2306719959259219e-05 0.00014607463713357485 
54 8 58.294688127912366 61.059364137450324 2.0739200017501228e-06 0.00012963664636023327 
54 10 59.459060435491963 62.859425992345756 -1.5921699919269429e-05 0.00012426310361431369 
54 12 60.658633371878665 64.67123721798302 -7.9580321494603543e-05 0.00011675921900504945 
54 14 61.892651361962706 66.493837387550968 -0.00014171298837820388 0.00011061087174327606 
54 16 63.160255680657443 68.326363123903434 -6.2833427615270368e-05 0.00011107578987909341 
54 18 64.460498941515411 70.168036775706852 1.247517638231549e-05 0.00010743619408845172 
54 20 65.792360097775941 72.018156545237872 -4.5885175199109505e-05 0.00011036260640522902 
54 22 67.154759474226495 73.876087872814622 -8.5750010706006676e-05 0.00011782257971017888 
54 24 68.546573405388315 75.741255908581721 -0.00010404133101471292 0.0001092435315022248 
54 26 69.966648127543394 77.613138925227759 -6.3724765857539145e-05 0.00011219283982114719 
54 28 71.413812651491099 79.491262545289487 1.0361576040651591e-05 0.0001197167778114562 
54 30 72.886890422961002 81.375194674185465 1.5092195230948899e-05 0.00011581224772654125 
54 32 74.384709652950434 83.264541045267407 1.6758870563840625e-05 0.00011332745374052885 
54 34 75.906112267087636 85.158941296240044 4.3091118017620576e-05 0.00010766331071797675 
54 36 77.449961479175897 87.058065507532945 -0.00013555129598152919 9.7869895174307382e-05 
54 38 79.015148038438355 88.961611142848213 -0.00015943675174947931 9.9761031297561218e-05 
54 40 80.600595232822883 90.869300340372234 -7.3060713340519244e-05 0.00010288305098184135 
54 42 82.205262752974136 92.780877510218744 8.9783798953253766e-05 0.00010306308154747079 
54 44 83.828149534535996 94.69610719973474 0.00017877281283117856 0.00010212868934251804 
54 46 85.468295701936398 96.61477219349581 7.6917873417059511e-05 0.00011193118223700628 
54 48 87.124783736376884 98.536671819270055 -0.00011537050585753818 0.00011141793269661133 
54 50 88.796738985948195 100.46162043504955 -8.7012674787819723e-05 0.0001141475901285061 
54 52 90.483329627982627 102.38944607552776 0.00011238564922470964 0.00011914098146299916 
54 54 92.183766184073562 104.31998923921937 0.00025138812838928256 0.00011683171899321164 
54 56 93.897300677553446 106.2531017998453 0.00023485294372666533 0.00011293018117080021 
54 58 95.623225512317902 108.18864602769426 0.00025528150966417057 0.00011906267020367723 
54 60 97.360872141221137 110.12649370847672 0.0002210574879647913 0.00011565392415832243 
56 2 57.017851452243804 57.74071085852438 -8.852206635404085e-05 0.00022220068052038365 
56 4 58.071337695236394 59.497725846417254 -0.00016349280718910156 0.00017309326091945285 
56 6 59.160255680657443 61.269642330791704 -0.0001084255499069042 0.00014677879702710043 
56 8 60.284271247461902 63.055204081747739 -0.00013446001379171466 0.00013236215564401861 
56 10 61.442925306655781 64.853284051299767 -0.00013797295665762924 0.00012367127744676964 
56 12 62.63564212655271 66.662869295330253 -0.00014974093428413941 0.00011466324702667193 
56 14 63.861739379323623 68.483047779242412 -0.0001935707207846698 0.0001085773868226989 
56 16 65.120439557122069 70.312996832603531 -8.363541477922878e-05 0.00010487485707506536 
56 18 66.410882339705481 72.151973043219186 4.1166095948300485e-05 0.00011183142755398937 
56 20 67.732137494637016 73.999303405350659 1.2039413549820754e-05 0.00011574787595615032 
56 22 69.083217912982647 75.854377559405606 -2.6892838917208572e-05 0.00011244195451576645 
56 24 70.463092423455635 77.716640981018799 -0.00014059502014113551 0.00010456346236795788 
56 26 71.870698080866262 79.585588995874659 -0.00010885258221558842 0.00010469795143238691 
56 28 73.304951684997064 81.460761512939456 -0.00011657726188163306 0.00011811841884463309 
56 30 74.76476034853718 83.34173838309178 -0.00011174200350929214 0.0001184495252897398 
56 32 76.249030993194197 85.228135302630122 6.6676412485658772e-05 0.00011604198718484861 
56 34 77.75667870831839 87.11960019198402 3.2578608645140566e-05 0.00011330124697101657 
56 36 79.28663395418647 89.015809989343225 -0.00012670340549811711 0.000106260430554922 
56 38 80.837848631377256 90.916467807029164 -0.00014754647801287901 0.00010941480395010069 
56 40 82.409301068170507 92.821300405425717 -0.00013677252834376895 0.00010712255240755933 
56 42 84 94.730055945312301 1.3093416515876722e-06 0.00011000282669826272 
56 44 85.608987629529707 96.642501984632588 0.00014674098577017018 0.0001142015969492836 
56 46 87.235341863986875 98.558423690202289 9.5503050351526995e-05 0.00011820000758768886 
56 48 88.878177829171548 100.47762223871115 -1.7891561075910974e-05 0.00012432578040585341 
56 50 90.536648758246912 102.39991338469412 4.1179192232050109e-05 0.00012213759007093051 
56 52 92.209946349085598 104.32512617601078 7.4954529568210302e-05 0.00011761062721606245 
56 54 93.897300677553446 106.2531017998453 0.00017922676339838047 0.00011756962314270978 
56 56 95.597979746446669 108.18369254437565 0.00016521178282320018 0.00012103047701797712 
56 58 97.311288741492746 110.11676086311164 0.0001464022131374703 0.00011481760278900938 
56 60 99.036569057366393 112.05217853050172 0.00017581239870542956 0.00011021106526789186 
58 2 59.017236257093813 59.74042093656513 -0.00023026322904104419 0.00023834089708105641 
58 4 60.068883707497264 61.496632325323148 -0.0002230955779091509 0.00017870500398749551 
58 6 61.154759474226502 63.2673192180131 -0.00023531893578566815 0.0001512297352732218 
58 8 62.274562336608895 65.051299562053003 -0.00025051891469407919 0.00013806523224244344 
58 10 63.427877939124322 66.84750906645624 -0.00016531611123309973 0.00012254199033013259 
58 12 64.614185789921692 68.654987889212677 -0.00019131866143027402 0.0001195652473619711 
58 14 65.832867780352601 70.472868933696233 -0.00019997697592532751 0.00011401640459291062 
58 16 67.083217912982647 72.300367560780202 -0.00013293909684177301 0.00011082870471208338 
58 18 68.364452901377945 74.13677254306333 -6.5668507403728689e-05 0.00011132585593710145 
58 20 69.675723300355941 75.981438106815915 -6.6072991281269255e-05 0.00010536535237974799 
58 22 71.016124838541643 77.833776925303368 -3.4208981733418675e-05 0.000101789728606622 
58 24 72.384709652950434 79.693253943705145 -9.7075817576240041e-05 0.00010441462793503903 
58 26 73.780497164141408 81.559380930790951 -6.2936114785369437e-05 0.00010131481727488302 
58 28 75.202484376209242 83.431711665839956 -0.00013626039096646453 0.00011043450493044099 
58 30 76.649655434629011 85.309837681066099 -4.0933010718769394e-05 0.00011342074886725999 
58 32 78.120990323358399 87.193384490154045 -2.0403314318468806e-05 0.00011579273401268556 
58 34 79.61547262794322 89.082008242550444 2.9100209865810744e-05 0.00011086690977518165 
58 36 81.132096331752024 90.975392751028096 -8.8000420876459455e-05 0.00010994896884364515 
58 38 82.669871646719429 92.873246846881614 -3.6017452598810871e-05 0.00011153518095752417 
58 40 84.227829907617064 94.77530202304709 -4.4701642112840449e-05 0.00010980642760731835 
58 42 85.805027579936308 96.681310330579322 3.6390321987895198e-06 0.00011132491576668418 
58 44 87.400549446402593 98.591042498371905 5.5121754483580202e-05 0.00011926283400353295 
58 46 89.013511046643487 100.50428624985983 6.8494878350990233e-05 0.00011741668227016466 
58 48 90.643060449437428 102.42084479378089 5.6923509430610242e-05 0.00012732806765608821 
58 50 92.288379438153299 104.34053546896213 3.74284585248351e-06 0.00012816673358990831 
58 52 93.948684188300888 106.26318852560249 1.5811606085768902e-05 0.0001193502245087005 
58 54 95.623225512317902 108.18864602769426 6.6006904864139934e-05 0.00011811429972435473 
58 56 97.311288741492746 110.11676086311164 0.00010921085502002972 0.00011405523805286155 
58 58 99.012193308819747 112.04739584953194 0.00013296661830114212 0.00010931461906340158 
58 60 100.72529209005013 113.98042292578009 0.00025082833526435857 0.00010937237822735517
